num crossings	time (s)	maj axis (mm)	min axis (mm)	theta (rad )	slope (V/s)
243	645.985185	139.985137	-0.592806	4.679209	40.154743
245	648.057259	140.992132	-1.603134	4.679072	40.502277
247	650.129686	140.753044	-1.676601	4.678112	39.975748
249	652.203581	140.800832	-1.653936	4.679933	40.171262
251	654.278315	139.960477	-1.503254	4.675160	40.678099
253	656.350641	140.378461	-1.064615	4.675870	39.496326
255	658.419579	140.020449	-1.184807	4.678525	41.009186
257	660.491287	139.334448	1.582253	4.676031	38.749559
259	662.567154	139.070201	-1.104338	4.678075	39.488985
261	664.639041	138.939729	-0.938501	4.676840	40.829759
263	666.707643	138.959999	-0.927266	4.682823	39.454357
265	668.781417	138.368985	1.794083	4.675960	39.562004
267	670.856795	138.343752	-0.934805	4.676235	39.270431
269	672.927143	138.714367	-0.816725	4.678384	40.056853
271	674.996623	138.212678	-0.846406	4.683092	39.014586
273	677.069300	138.159927	-0.993341	4.686142	39.375477
275	679.143928	137.361534	-0.766805	4.681872	38.652569
277	681.217691	137.299550	-0.592492	4.681818	38.544193
279	683.290171	137.286741	-0.623605	4.683526	38.589672
281	685.362174	137.048132	-0.563532	4.681745	38.474301
283	687.434235	136.793556	-0.505857	4.681789	39.583732
285	689.506625	136.582389	-0.421739	4.682139	38.264493
287	691.579021	136.365580	-0.523373	4.683338	38.313051
289	693.650905	136.328433	-0.468258	4.684208	38.417703
291	695.721126	136.130857	-0.436625	4.684231	37.045829
293	697.791053	135.075985	0.580687	4.682763	38.712413
295	699.862957	134.619751	0.698103	4.682355	37.958061
297	701.937718	134.129533	0.884310	4.683921	37.338833
299	704.012049	134.972543	-0.038448	4.684113	37.383396
301	706.082661	135.238071	-0.124604	4.684549	37.306453
303	708.151720	134.671531	0.533788	4.684082	36.428967
305	710.223951	133.631625	0.961014	4.683563	37.356681
307	712.298931	134.180054	0.010465	4.683855	37.704106
309	714.372591	134.342030	-0.002991	4.686702	37.127568
311	716.443303	134.257842	0.120116	4.685930	37.309447
313	718.512939	133.879362	0.529112	4.686722	36.581386
315	720.583750	132.871623	1.189247	4.685872	36.414942
317	722.655718	132.780503	1.090191	4.687404	36.674692
319	724.728118	132.230956	1.321632	4.687830	36.526782
321	726.800448	132.960051	0.414573	4.688196	36.093126
323	728.872489	131.854189	1.407451	4.689497	36.135819
325	730.944197	132.537216	0.390187	4.688258	35.762191
327	733.015729	132.422058	0.422163	4.689521	35.767995
329	735.087955	132.385242	0.380965	4.689076	36.408293
331	737.161249	132.246967	0.403950	4.690531	35.746086
333	739.235450	131.612352	3.723130	4.683847	35.904739
335	741.308793	131.357288	0.676877	4.687888	35.112148
337	743.379855	131.458315	0.969777	4.689650	35.007041
339	745.449245	131.399271	0.874383	4.694230	34.500090
341	747.519722	130.871751	0.852937	4.694930	35.075649
343	749.592740	130.421160	0.852348	4.695767	34.834697
345	751.667335	130.292916	1.091326	4.696390	34.780430
347	753.740805	130.148911	1.122182	4.693775	35.059490
349	755.812165	130.304815	1.157789	4.694635	33.866052
351	757.882474	129.384441	2.121136	4.697950	33.903442
353	759.952950	128.790639	2.252792	4.700538	34.071844
355	762.023979	128.703348	2.203775	4.701204	34.283868
357	764.095426	129.428974	1.181252	4.699450	34.679053
359	766.167399	129.173846	4.457023	4.694346	34.079465
361	768.239256	128.977530	4.503326	4.694274	34.032358
363	770.311311	128.876347	1.408870	4.701987	34.375105
365	772.383213	128.639895	1.354834	4.701242	33.142324
367	774.455536	127.609485	2.432343	4.704497	33.802364
369	776.528146	128.291651	1.397710	4.702491	33.242973
371	778.601477	128.126835	1.431016	4.704489	32.740504
373	780.674998	127.960355	4.960628	4.700746	34.351318
375	782.748079	127.927561	1.454881	4.706060	32.700660
377	784.819486	127.922454	1.479778	4.706485	32.957745
379	786.889156	127.955360	1.536822	4.706711	33.751211
381	788.958877	127.526635	1.859227	4.706987	33.061943
383	791.030182	126.067916	2.858045	4.707470	32.803730
385	793.103226	125.888139	2.846061	4.709403	33.611050
387	795.177101	126.609790	1.793869	4.709959	33.298481
389	797.250511	126.374173	1.851308	4.709179	33.763753
391	799.322777	126.376184	1.857825	4.711771	32.767824
393	801.394117	126.237429	1.977929	4.712397	32.327521
395	803.464944	126.079926	2.150998	4.713782	33.615548
397	805.535840	125.907531	2.153475	4.714046	32.246963
399	807.606924	125.730388	2.219655	4.715532	31.953253
401	809.678500	125.545927	2.184936	4.715061	32.317192
403	811.750392	125.266561	5.501487	-1.572353	32.065371
405	813.822846	125.110354	2.305093	-1.564888	31.941764
407	815.895506	124.933188	2.288210	-1.564566	31.796162
409	817.968164	124.671310	2.276297	-1.564352	31.856910
411	820.040505	124.219105	2.280436	-1.563145	31.568714
413	822.111898	124.564593	2.367529	-1.564027	31.948347
415	824.182436	124.474799	2.387505	-1.562430	30.917046
417	826.252403	124.048257	2.495214	-1.557598	31.513128
419	828.322598	123.946094	2.464381	-1.558409	31.894029
421	830.393734	123.660142	2.586213	-1.555633	30.584809
423	832.466270	123.655287	2.587761	-1.552274	31.344168
425	834.539923	123.170599	2.625028	-1.555025	30.711184
427	836.613382	122.886427	2.696720	-1.554625	30.912496
429	838.686015	122.686930	2.766923	-1.551081	31.812524
431	840.757715	122.722648	2.795669	-1.553964	31.344419
433	842.829017	122.612419	2.840086	-1.552600	30.895783
435	844.900158	122.309006	2.872808	-1.551176	31.052683
437	846.971596	122.283417	3.013288	-1.548354	30.160472
439	849.043104	122.061175	2.988572	-1.547820	30.571603
441	851.115235	121.847904	6.514483	-1.551046	31.233157
443	853.187368	121.705302	2.994402	-1.545106	30.219376
445	855.259660	121.561066	3.081241	-1.544528	30.894407
447	857.331543	121.135195	3.132552	-1.541165	30.046599
449	859.402583	121.355015	3.204161	-1.541184	30.407428
451	861.472621	121.280945	3.267349	-1.540650	30.315671
453	863.542431	120.984014	3.393718	-1.540172	29.398326
455	865.612773	120.777484	3.537176	-1.538429	29.704772
457	867.684067	120.505165	3.359480	-1.538908	29.117928
459	869.756591	119.162854	4.655449	-1.534880	29.161092
461	871.829611	119.059477	4.648747	-1.533556	29.228886
463	873.902573	118.821723	4.749013	-1.532775	29.861321
465	875.975237	119.735113	3.542355	-1.533000	29.337266
467	878.047611	119.580172	3.604081	-1.532649	29.455716
469	880.119429	119.423820	3.691453	-1.530443	29.034485
471	882.191051	119.276505	3.702828	-1.530209	29.579178
473	884.262538	119.220077	7.400341	-1.533239	29.023402
475	886.333990	119.027429	3.783519	-1.527263	28.588071
477	888.405580	116.451033	5.409796	-1.528236	28.748930
479	890.477088	118.644133	3.896233	-1.525124	28.583669
481	892.548930	118.482393	3.910940	-1.524105	28.645007
483	894.620549	118.359815	3.984663	-1.523346	28.359715
485	896.692115	118.190164	4.051879	-1.521824	28.072915
487	898.763408	118.156486	4.148309	-1.518592	28.174368
489	900.834331	117.962911	4.160426	-1.519860	29.456602
491	902.904869	117.792094	4.317510	-1.516797	27.948800
493	904.975221	117.545438	4.394325	-1.515445	28.814703
495	907.045509	117.083592	7.898730	-1.516902	28.674765
497	909.116055	116.035450	5.693098	-1.508030	27.500304
499	911.187147	116.738627	4.432865	-1.508445	27.426952
501	913.259121	116.772697	4.562049	-1.508429	27.880869
503	915.331923	116.507175	4.626524	-1.506778	28.339662
505	917.405055	116.329875	8.109123	-1.510428	27.726810
507	919.477971	116.089231	4.815911	-1.503291	27.706776
509	921.550150	115.938639	4.804518	-1.502745	27.610492
511	923.622129	115.845704	4.800061	-1.502160	28.061825
513	925.693696	115.751032	4.869204	-1.500610	28.296327
515	927.765125	115.570808	4.927702	-1.498950	26.946564
517	929.836660	115.379963	8.544533	-1.500512	27.419723
519	931.908231	115.234544	5.073223	-1.495163	27.024331
521	933.979577	115.084482	5.143204	-1.493849	27.078414
523	936.050737	114.949974	5.241547	-1.491525	27.404022
525	938.121413	114.821787	5.347835	-1.488771	27.085953
527	940.191652	114.766348	8.763393	-1.493104	27.241994
529	942.261427	114.268163	5.558697	-1.484626	26.980807
531	944.331717	114.394398	5.529257	-1.486008	26.446480
533	946.402552	114.133228	5.576999	-1.484099	26.677332
535	948.474085	112.740726	6.834588	-1.480803	26.983069
537	950.546108	112.579927	6.880056	-1.478401	26.505194
539	952.618505	112.567953	6.793453	-1.476194	26.740060
541	954.690972	112.325492	6.939367	-1.475394	27.066627
543	956.763201	113.301716	5.726752	-1.476701	26.520217
545	958.835443	113.160664	9.373491	-1.478626	26.751518
547	960.907325	113.118075	5.902681	-1.474336	26.500745
549	962.979111	113.067610	5.961632	-1.473433	27.431696
551	965.050730	112.773895	5.909931	-1.470697	26.274992
553	967.122183	112.580869	9.585568	-1.472389	25.615690
555	969.193763	112.405886	6.082808	-1.467344	25.418219
557	971.265045	112.237508	6.153766	-1.465603	26.092621
559	973.336333	111.886727	6.191882	-1.463614	25.826058
561	975.407657	111.945793	6.287696	-1.462154	26.462267
563	977.478630	111.881133	6.282739	-1.461092	26.329073
565	979.549408	111.820065	6.328546	-1.458384	25.251957
567	981.620294	111.682891	6.369215	-1.456441	25.824167
569	983.690825	111.567616	10.142859	-1.457963	26.112952
571	985.761352	111.395900	6.432192	-1.451978	26.164939
573	987.831663	109.048796	8.129671	-1.449139	25.899619
575	989.902442	111.094765	10.384843	-1.451996	24.727382
577	991.973347	110.948263	10.458480	-1.450071	25.120884
579	994.044841	110.797633	10.475573	-1.448446	26.013773
581	996.116833	110.672783	10.545857	-1.446507	25.567472
583	998.189403	110.531143	10.558773	-1.444531	25.188275
585	1000.262040	110.268699	6.847539	-1.437926	24.744230
587	1002.334461	110.068807	6.873653	-1.436728	26.258242
589	1004.406653	109.899607	6.913676	-1.435400	24.757321
591	1006.478509	109.768882	6.957763	-1.433132	24.802833
593	1008.550003	109.633803	7.014767	-1.431596	24.824231
595	1010.621335	109.341851	10.934980	-1.431464	25.362311
597	1012.692714	109.265795	7.237439	-1.426915	24.773075
599	1014.763683	109.175887	11.033009	-1.427385	24.394160
601	1016.834608	109.082619	7.318509	-1.422501	24.713628
603	1018.905077	108.796574	11.133897	-1.423090	24.144310
605	1020.975283	108.851712	7.546560	-1.417280	23.954462
607	1023.045208	108.767648	7.523491	-1.416839	24.687013
609	1025.115350	108.635231	7.601265	-1.414664	24.749981
611	1027.185915	108.441461	7.565654	-1.413885	25.116949
613	1029.256922	108.165924	7.647651	-1.411408	23.790206
615	1031.328494	107.984158	7.637114	-1.409765	24.447147
617	1033.400338	107.823700	7.702626	-1.407100	23.746659
619	1035.472233	107.814694	7.794404	-1.405527	24.089678
621	1037.544187	107.484260	7.867755	-1.402818	23.631505
623	1039.616196	107.301260	7.960320	-1.400847	23.875843
625	1041.687926	107.182357	8.009860	-1.399355	24.404183
627	1043.759558	107.204274	11.932945	-1.398968	23.835055
629	1045.830951	107.000711	8.090482	-1.395184	23.492721
631	1047.902456	107.001473	12.099766	-1.394229	22.994539
633	1049.973604	106.755064	8.228653	-1.391000	23.685288
635	1052.044829	106.745239	12.251468	-1.389806	23.592925
637	1054.115826	106.478714	8.356316	-1.386638	23.551069
639	1056.186620	106.496355	12.361134	-1.385231	23.936950
641	1058.257375	106.300935	8.368851	-1.381751	23.599778
643	1060.328016	103.876376	10.302048	-1.373121	23.958078
645	1062.398569	105.834006	8.573055	-1.374658	23.244386
647	1064.469121	105.839787	8.516505	-1.374705	22.503974
649	1066.539849	105.737645	8.562331	-1.372241	22.800462
651	1068.610985	105.433096	8.657015	-1.369490	22.933180
653	1070.682551	105.379199	8.778178	-1.367330	22.524960
655	1072.754366	105.115356	8.907956	-1.362335	22.786257
657	1074.826757	105.355033	12.963683	-1.364677	23.009654
659	1076.899053	104.965318	8.958589	-1.360267	22.873469
661	1078.971123	104.668100	8.935564	-1.356951	22.997662
663	1081.043156	104.759803	8.987822	-1.355974	23.082390
665	1083.114903	104.541112	9.100587	-1.353215	22.444700
667	1085.186163	104.554320	9.061811	-1.351294	22.325367
669	1087.257441	104.688126	13.571596	-1.348860	23.060101
671	1089.328527	104.316809	9.164120	-1.346090	21.822967
673	1091.399384	104.411737	13.480970	-1.345326	22.167942
675	1093.469823	104.118111	9.368296	-1.341101	22.089335
677	1095.540115	104.079872	13.572299	-1.339791	22.309090
679	1097.610323	103.717827	9.560687	-1.336433	22.034895
681	1099.680263	103.513186	9.573053	-1.334865	22.000721
683	1101.750635	103.354534	9.675758	-1.332267	21.999259
685	1103.821339	103.219470	9.649200	-1.330773	22.568193
687	1105.892241	103.033192	9.708280	-1.328034	21.598766
689	1107.963706	102.875256	9.729603	-1.325854	21.723866
691	1110.035463	102.756022	9.757116	-1.323379	21.733835
693	1112.107110	102.682413	9.851783	-1.320300	21.864103
695	1114.178648	102.580218	9.839650	-1.318298	21.563044
697	1116.250231	100.207703	11.794653	-1.311930	21.420362
699	1118.321710	102.257681	10.023239	-1.313079	21.654911
701	1120.393107	102.299960	14.301598	-1.309445	21.404290
703	1122.464454	102.004043	10.157214	-1.308252	21.210686
705	1124.535547	102.066969	14.406879	-1.304385	21.335091
707	1126.606311	101.795603	10.221417	-1.302855	21.220996
709	1128.677158	101.682320	14.533391	-1.298758	21.245091
711	1130.748014	101.806812	14.690689	-1.296393	21.274914
713	1132.818671	101.729435	14.811728	-1.293766	20.971883
715	1134.889228	101.428159	10.332251	-1.292027	21.222828
717	1136.959982	101.277415	10.396603	-1.289357	20.930730
719	1139.031001	101.074395	10.527146	-1.286810	21.161776
721	1141.102327	100.889726	10.616298	-1.283828	21.401769
723	1143.173846	100.767015	10.688415	-1.281234	20.667282
725	1145.245980	100.617466	10.762051	-1.278387	21.060866
727	1147.318117	100.504046	10.797641	-1.276095	21.355017
729	1149.390193	100.553691	15.068165	-1.272237	21.266489
731	1151.461969	100.157968	10.963818	-1.270412	20.551701
733	1153.533787	100.046532	10.963262	-1.267997	20.491476
735	1155.605134	100.181065	15.271604	-1.263928	20.695163
737	1157.676420	99.801001	11.082732	-1.262218	20.638118
739	1159.747314	100.000367	15.424817	-1.257630	20.494821
741	1161.818135	97.351973	13.110705	-1.248454	20.810533
743	1163.888531	99.662915	11.244493	-1.254136	20.498925
745	1165.958802	99.765325	15.661874	-1.249746	20.509130
747	1168.028946	99.338756	11.360902	-1.248594	20.393732
749	1170.099023	99.174574	11.414915	-1.246130	19.888196
751	1172.169327	99.029436	11.437279	-1.243836	19.782884
753	1174.240142	98.865493	11.422812	-1.241307	20.084327
755	1176.310994	98.746573	11.447701	-1.238835	19.529520
757	1178.382157	98.752024	11.470044	-1.236113	19.706395
759	1180.453694	98.349873	11.531977	-1.233017	19.376720
761	1182.525245	98.344472	11.590563	-1.230437	19.144068
763	1184.596738	96.402830	13.456892	-1.217917	19.359960
765	1186.668211	98.211579	11.739490	-1.224252	19.467858
767	1188.739485	98.287775	16.325846	-1.218113	18.764925
769	1190.810704	97.907309	11.850511	-1.218466	19.171209
771	1192.881683	98.204234	16.613321	-1.211719	19.202287
773	1194.952636	97.692153	11.942794	-1.212352	18.896233
775	1197.023467	97.612933	11.983025	-1.209554	18.878504
777	1199.094267	97.464907	12.060275	-1.206496	19.143690
779	1201.164913	97.326334	12.118753	-1.203472	19.334076
781	1203.235481	97.140248	12.148810	-1.200126	18.843046
783	1205.306251	97.069055	12.238607	-1.197539	18.563621
785	1207.377210	97.244122	16.949463	-1.191117	19.082258
787	1209.448528	96.694398	12.462366	-1.191231	19.346934
789	1211.520047	97.039291	17.031168	-1.184947	18.417166
791	1213.591734	96.836915	16.997018	-1.182516	19.237021
793	1215.663720	96.735718	17.069794	-1.179674	18.752994
795	1217.735727	96.653327	17.089787	-1.176059	19.325221
797	1219.807381	96.514016	17.173686	-1.172968	18.854079
799	1221.879030	96.440216	17.214197	-1.169577	19.015043
801	1223.950444	96.379322	17.360593	-1.166067	18.617902
803	1226.021399	95.806267	12.798533	-1.166533	19.143615
805	1228.092483	95.683722	12.866665	-1.162978	18.975675
807	1230.163042	96.106119	17.513582	-1.156599	18.230759
809	1232.233559	96.034394	17.446933	-1.154913	18.261905
811	1234.303697	95.851902	17.543222	-1.151439	18.219533
813	1236.373995	95.144568	13.158846	-1.151804	18.464263
815	1238.444249	95.077864	13.160202	-1.148643	18.232192
817	1240.514640	95.046140	13.096551	-1.145744	18.094272
819	1242.585209	94.929038	13.086905	-1.143030	17.863454
821	1244.656213	94.698267	13.195254	-1.139910	18.118508
823	1246.727360	94.538616	13.254176	-1.136558	17.699435
825	1248.798899	95.000985	18.054443	-1.129793	18.006692
827	1250.870268	94.920747	18.138530	-1.126037	17.255671
829	1252.941779	94.831157	18.202170	-1.122248	17.460850
831	1255.013025	94.687629	18.220806	-1.119049	17.104978
833	1257.084394	94.631836	18.283738	-1.115334	17.823721
835	1259.155543	94.470335	18.328700	-1.112454	17.429631
837	1261.226333	93.843667	13.502221	-1.113367	17.387846
839	1263.297153	94.137714	18.385471	-1.105171	17.173626
841	1265.368007	93.608285	13.603418	-1.106761	17.244370
843	1267.438733	94.064012	18.532291	-1.099156	16.942326
845	1269.509369	93.415952	13.665206	-1.099397	17.050489
847	1271.580254	93.867060	18.684673	-1.092485	17.038182
849	1273.651027	93.706386	18.656086	-1.089703	17.528034
851	1275.722130	92.982424	13.875197	-1.089764	17.048228
853	1277.793483	93.418644	18.619096	-1.083858	17.668940
855	1279.865107	92.585918	14.063560	-1.083622	17.060680
857	1281.936811	93.112304	18.624374	-1.077263	17.159494
859	1284.008495	92.338566	14.182047	-1.076945	17.219037
861	1286.080366	92.952262	18.708510	-1.070359	17.419111
863	1288.151855	92.844445	18.797569	-1.067127	16.569031
865	1290.223241	92.733022	18.809121	-1.063457	17.100156
867	1292.294409	92.669309	18.865773	-1.060198	17.251380
869	1294.365261	92.541786	18.880428	-1.057106	16.521836
871	1296.436099	92.480592	18.953356	-1.053922	17.458291
873	1298.506609	91.442559	14.358980	-1.052742	16.639588
875	1300.577028	92.414830	19.024798	-1.047364	16.454961
877	1302.647219	89.271578	16.268238	-1.045550	16.177463
879	1304.717486	91.402894	14.373931	-1.044034	16.275994
881	1306.788190	91.981579	19.205003	-1.038273	16.531154
883	1308.858752	91.129446	14.431268	-1.037663	16.373146
885	1310.929731	90.966070	14.452166	-1.034607	15.868729
887	1313.001011	90.795734	14.520265	-1.030877	15.891849
889	1315.072299	90.849538	14.510305	-1.027358	16.012275
891	1317.143745	90.498552	14.551172	-1.022780	15.762100
893	1319.215046	91.246742	19.567572	-1.016164	15.593931
895	1321.286512	90.476708	14.572472	-1.016554	15.473215
897	1323.357599	91.016056	19.588726	-1.009049	15.387856
899	1325.428678	90.178461	14.732123	-1.009723	15.534810
901	1327.499643	90.630620	19.578639	-1.002541	15.364480
903	1329.570738	89.911733	14.845532	-1.002630	15.755296
905	1331.641285	90.522571	19.688038	-0.995413	15.677759
907	1333.712153	89.666928	14.926509	-0.995320	16.166491
909	1335.782908	90.292027	19.765567	-0.988348	14.895514
911	1337.853635	89.338164	15.010570	-0.988087	15.813330
913	1339.924598	90.088162	19.877751	-0.981395	15.580512
915	1341.995647	89.242079	15.004258	-0.980607	15.900780
917	1344.067051	89.971470	20.022836	-0.974284	15.524247
919	1346.138356	88.939228	15.058607	-0.974327	15.628037
921	1348.210046	89.703988	19.977883	-0.967640	15.431329
923	1350.281725	88.665189	15.164346	-0.967529	15.524914
925	1352.353360	89.512252	20.023357	-0.960952	15.305382
927	1354.424726	88.434895	15.199874	-0.960656	15.490620
929	1356.496253	89.184010	19.960199	-0.953976	15.568187
931	1358.567120	89.074545	19.918358	-0.950930	15.410325
933	1360.638130	88.014217	15.320198	-0.950602	15.124027
935	1362.708703	88.815039	19.886785	-0.944503	14.855237
937	1364.779330	87.749218	15.437402	-0.943638	14.742866
939	1366.849707	88.674206	20.007479	-0.937912	14.752363
941	1368.920182	87.645139	15.362107	-0.937192	15.073761
943	1370.990723	88.388596	20.004084	-0.932146	15.045901
945	1373.061634	87.402106	15.351668	-0.930864	14.758972
947	1375.132243	88.085525	20.062543	-0.925100	14.418303
949	1377.203641	87.182201	15.315135	-0.922005	14.244343
951	1379.274910	87.901653	20.173014	-0.916692	14.192684
953	1381.346201	86.999596	15.344255	-0.915808	14.024183
955	1383.417598	87.639412	20.143010	-0.909618	14.098421
957	1385.488926	87.441112	20.127280	-0.905580	14.008770
959	1387.560397	87.476112	20.184204	-0.901942	13.568565
961	1389.631541	86.567712	15.442284	-0.901784	14.269348
963	1391.702639	87.282435	20.249049	-0.894761	13.797195
965	1393.773762	83.988243	17.380926	-0.892720	13.766464
967	1395.844411	87.096159	20.327102	-0.887858	13.694742
969	1397.915382	86.971066	20.341154	-0.883713	13.843049
971	1399.986270	86.892626	20.405078	-0.880329	13.919475
973	1402.056707	86.786718	20.415945	-0.876804	13.466290
975	1404.127527	86.726589	20.500421	-0.873431	13.616544
977	1406.198545	86.700979	20.576720	-0.869575	13.916674
979	1408.269536	86.604983	20.589758	-0.865889	13.963207
981	1410.340515	86.544130	20.675936	-0.862256	13.817812
983	1412.412203	86.269540	20.552944	-0.859257	13.829919
985	1414.483617	86.241450	20.577564	-0.855567	13.750941
987	1416.555231	86.074199	20.483391	-0.852436	13.601588
989	1418.626775	85.893757	20.495682	-0.848936	13.738474
991	1420.698181	84.797678	15.707809	-0.848885	13.675481
993	1422.769419	85.824176	20.574630	-0.841390	13.815516
995	1424.840369	85.689058	20.490862	-0.838283	13.814924
997	1426.911353	85.622433	20.443334	-0.834889	13.699593
999	1428.981901	85.368963	20.439357	-0.832035	13.750300
1001	1431.052336	85.356281	20.461022	-0.828571	14.288199
1003	1433.123095	85.224754	20.419843	-0.825423	13.694446
1005	1435.193672	85.179080	20.530113	-0.822014	13.235978
1007	1437.264324	85.020417	20.479403	-0.818806	13.295922
1009	1439.335116	84.878582	20.509369	-0.815564	13.254160
1011	1441.406315	84.743799	20.467576	-0.811689	12.962510
1013	1443.477907	84.628102	20.523240	-0.807820	13.106451
1015	1445.548973	84.482852	20.488364	-0.803866	12.633647
1017	1447.620474	83.516449	15.649621	-0.803831	12.574809
1019	1449.691960	84.225004	20.448263	-0.796727	13.091823
1021	1451.763262	84.136387	20.451058	-0.792233	12.497832
1023	1453.834333	84.034546	20.458097	-0.788668	12.328251
1025	1455.905542	83.925574	20.472816	-0.784957	12.538117
1027	1457.976776	83.851541	20.521486	-0.781510	12.693997
1029	1460.047860	83.745686	20.504012	-0.777912	12.042449
1031	1462.118398	83.757586	20.550745	-0.773452	12.733410
1033	1464.189445	83.595670	20.606713	-0.770480	12.362288
1035	1466.260219	83.460904	20.572403	-0.766975	12.231181
1037	1468.330965	83.376064	20.609736	-0.763859	12.784286
1039	1470.401662	83.274940	20.592326	-0.760195	12.334501
1041	1472.472606	83.195284	20.647854	-0.756242	12.724579
1043	1474.543906	83.131837	20.688642	-0.752631	12.424969
1045	1476.615206	83.056487	20.686275	-0.749374	12.601122
1047	1478.686329	82.882151	20.588774	-0.746024	12.563453
1049	1480.757842	82.778913	20.584109	-0.742280	12.851985
1051	1482.829245	82.606809	20.536373	-0.739538	12.909714
1053	1484.900684	82.600608	20.541522	-0.735772	12.914235
1055	1486.971921	82.444705	20.477672	-0.732661	12.646134
1057	1489.043093	82.355176	20.455237	-0.728995	13.177244
1059	1491.114153	82.205115	20.451768	-0.726194	13.303437
1061	1493.184722	82.106152	20.386000	-0.722964	12.453489
1063	1495.255456	81.982465	20.350853	-0.719181	12.472347
1065	1497.326260	81.828129	20.320689	-0.716047	12.386678
1067	1499.396972	81.747564	20.368810	-0.712403	12.090400
1069	1501.467792	81.553061	20.241409	-0.708873	11.998908
1071	1503.538671	81.372527	20.217798	-0.705695	12.446234
1073	1505.609787	81.186417	20.211984	-0.702508	11.794508
1075	1507.681088	81.094842	20.173368	-0.698580	11.531543
1077	1509.752360	80.976804	20.177332	-0.694531	11.842690
1079	1511.823987	80.791902	20.119399	-0.691675	11.787650
1081	1513.895429	80.687077	20.088392	-0.687383	11.467453
1083	1515.966559	80.569958	20.066749	-0.683056	11.388150
1085	1518.038167	80.473218	20.082929	-0.679330	11.772091
1087	1520.109244	80.394280	20.102073	-0.675658	11.361677
1089	1522.180612	80.304286	20.094958	-0.671704	11.486684
1091	1524.251587	80.223946	20.111180	-0.668095	11.256640
1093	1526.322795	80.106833	20.091624	-0.664970	11.633404
1095	1528.393343	79.986307	20.054221	-0.661485	11.328728
1097	1530.464229	79.888777	20.051122	-0.657916	11.479347
1099	1532.535162	79.586022	19.876472	-0.669805	11.553470
1101	1534.605839	79.708430	20.086600	-0.650239	11.788426
1103	1536.676813	79.662656	20.119199	-0.647165	11.768573
1105	1538.747636	79.539252	20.074568	-0.644028	11.540686
1107	1540.818933	79.441723	20.038756	-0.641076	11.408595
1109	1542.889824	79.300188	19.955789	-0.637873	11.720186
1111	1544.961336	78.301885	15.690020	-0.640883	11.809365
1113	1547.032557	79.106664	19.904613	-0.630741	11.215973
1115	1549.103901	79.044912	19.908442	-0.627445	11.528789
1117	1551.175189	78.908003	19.859548	-0.624080	11.452153
1119	1553.246400	78.903259	19.879715	-0.620725	11.557614
1121	1555.317312	78.706510	19.755457	-0.618167	11.479453
1123	1557.388494	78.587536	19.698782	-0.614436	11.549689
1125	1559.459234	78.456479	19.684663	-0.611193	11.237281
1127	1561.530072	78.460221	19.729125	-0.607703	11.655333
1129	1563.600736	78.446375	19.789088	-0.603469	11.299033
1131	1565.671745	78.312059	19.773302	-0.601355	11.364528
1133	1567.742787	78.142615	19.689271	-0.597864	11.118370
1135	1569.814001	78.027500	19.677330	-0.594034	10.928211
1137	1571.885038	77.995789	19.726724	-0.590345	10.898183
1139	1573.956563	77.911378	19.731785	-0.586142	11.338641
1141	1576.028027	77.801391	19.699341	-0.583141	11.166468
1143	1578.099468	77.630613	19.601072	-0.579616	11.131631
1145	1580.170956	77.485644	19.518303	-0.576104	10.922802
1147	1582.242290	77.382245	19.487551	-0.572521	10.487091
1149	1584.313565	74.359049	17.025042	-0.579424	11.034698
1151	1586.384614	77.086336	19.313602	-0.566155	10.469023
1153	1588.456028	76.988690	19.293636	-0.562754	10.842629
1155	1590.526841	76.842312	19.248244	-0.559675	10.386550
1157	1592.597567	76.784888	19.245131	-0.555909	10.401652
1159	1594.668373	76.621313	19.154927	-0.552744	10.531892
1161	1596.739454	76.521668	19.118258	-0.549552	10.595294
1163	1598.810097	76.436100	19.089661	-0.545869	10.941758
1165	1600.880808	76.331266	19.072574	-0.543238	10.702590
1167	1602.951493	76.261290	19.076055	-0.540091	10.664783
1169	1605.022436	76.170061	19.019436	-0.537034	11.081419
1171	1607.093316	76.084194	18.948990	-0.533295	10.551596
1173	1609.164547	75.858487	18.854842	-0.531476	10.638896
1175	1611.236040	75.823158	18.834919	-0.527785	10.921696
1177	1613.306906	75.742295	18.792611	-0.524462	10.651607
1179	1615.378411	75.705550	18.793304	-0.520607	10.799693
1181	1617.449371	75.604150	18.698596	-0.517646	10.630127
1183	1619.520456	75.452798	18.643172	-0.515705	10.495212
1185	1621.591352	74.689606	14.695079	-0.523138	10.723918
1187	1623.662303	75.271254	18.555361	-0.509705	10.801418
1189	1625.733415	75.117864	18.464544	-0.506665	11.000044
1191	1627.804213	74.387057	14.625148	-0.514387	10.792409
1193	1629.875012	74.294999	14.557191	-0.510805	10.901600
1195	1631.946056	74.226541	14.480970	-0.508199	10.383194
1197	1634.017261	74.166728	14.446202	-0.505134	10.305895
1199	1636.088499	74.167319	14.393009	-0.501505	10.477839
1201	1638.159963	73.985645	14.373025	-0.499507	10.522857
1203	1640.231186	73.918264	14.344398	-0.495939	10.333930
1205	1642.302900	73.841796	14.294532	-0.493102	10.390126
1207	1644.373881	73.742885	14.273454	-0.489732	10.260779
1209	1646.445249	73.654849	14.227452	-0.486978	10.038570
1211	1648.516685	73.545930	14.195220	-0.484388	10.226142
1213	1650.587766	73.453573	14.216405	-0.479854	10.199309
1215	1652.658818	73.382487	14.160943	-0.477242	10.205063
1217	1654.729769	73.231666	14.125108	-0.474372	10.125664
1219	1656.800626	73.159327	14.079828	-0.471512	10.445984
1221	1658.871398	73.030745	14.057188	-0.468489	10.006165
1223	1660.942125	72.965191	13.984132	-0.465498	10.661362
1225	1663.012876	72.840421	13.956356	-0.463219	9.814859
1227	1665.083459	72.735272	13.919368	-0.459631	10.425797
1229	1667.154314	72.635580	13.878626	-0.456492	10.076267
1231	1669.225034	72.548165	13.815784	-0.453702	10.183044
1233	1671.296095	72.445355	13.729799	-0.451030	10.181018
1235	1673.366825	72.367448	13.687522	-0.447491	10.463579
1237	1675.438215	72.285496	13.594647	-0.444926	10.558425
1239	1677.509117	72.169220	13.571528	-0.442629	10.136405
1241	1679.580139	72.087021	13.534962	-0.439687	10.190182
1243	1681.651442	71.989028	13.498519	-0.437515	10.515655
1245	1683.722215	71.923270	13.432780	-0.434613	9.923945
1247	1685.793134	71.816687	13.413892	-0.432269	9.983909
1249	1687.864184	71.726402	13.362000	-0.429941	10.074758
1251	1689.934988	71.652342	13.314065	-0.426457	9.865074
1253	1692.005799	71.593023	13.243435	-0.424277	10.222413
1255	1694.076816	71.479894	13.255301	-0.420708	9.811776
1257	1696.147774	71.381351	13.189455	-0.418344	10.166123
1259	1698.218931	71.328107	13.078105	-0.416517	9.719665
1261	1700.290182	71.298036	12.993902	-0.412831	9.950062
1263	1702.361524	71.186966	12.967012	-0.410884	10.134669
1265	1704.432753	71.101377	12.943839	-0.408332	9.705924
1267	1706.504217	70.975460	12.917925	-0.405244	9.947378
1269	1708.575483	70.936188	12.819022	-0.402799	10.099839
1271	1710.647004	70.830391	12.808162	-0.400081	9.569438
1273	1712.718101	70.757140	12.770869	-0.397485	9.800797
1275	1714.789333	70.621405	12.766518	-0.395064	9.709124
1277	1716.860261	70.568618	12.689953	-0.392177	9.576857
1279	1718.931211	70.471372	12.643002	-0.389368	9.589748
1281	1721.001943	70.445258	12.552339	-0.386472	9.446117
1283	1723.072737	70.316148	12.519254	-0.384364	9.508168
1285	1725.143319	70.247714	12.438103	-0.381502	9.539199
1287	1727.213918	70.172688	12.377353	-0.379187	9.602920
1289	1729.284717	70.052160	12.335396	-0.376404	9.982055
1291	1731.355325	69.941769	12.291729	-0.374298	9.805639
1293	1733.425958	69.857242	12.213315	-0.371247	10.037481
1295	1735.496587	69.782543	12.154800	-0.368968	9.640608
1297	1737.567540	69.719256	12.061007	-0.365821	9.770445
1299	1739.638229	69.588786	12.017851	-0.364215	9.810037
1301	1741.709343	69.494205	11.952558	-0.361974	9.948161
1303	1743.780358	69.476529	11.817975	-0.358846	9.434630
1305	1745.851161	69.351238	11.813150	-0.357952	9.416423
1307	1747.921958	69.288317	11.727128	-0.354976	9.582169
1309	1749.992785	69.197181	11.690516	-0.353438	9.603346
1311	1752.063643	69.106100	11.636098	-0.351080	9.819871
1313	1754.134350	68.972077	11.608057	-0.349500	9.582449
1315	1756.205188	68.938774	11.478764	-0.347088	9.634644
1317	1758.276296	68.860875	11.430994	-0.344428	9.523475
1319	1760.347224	68.769108	11.364834	-0.343077	9.309504
1321	1762.418234	68.717473	11.281222	-0.340441	9.518734
1323	1764.489122	68.658569	11.193695	-0.338508	9.342921
1325	1766.560452	66.697673	12.853709	-0.338690	9.257989
1327	1768.632055	68.499390	11.029556	-0.334181	9.624873
1329	1770.703150	66.617505	12.707062	-0.333670	9.795803
1331	1772.774276	68.321032	10.956931	-0.329781	9.462235
1333	1774.845142	68.209165	10.950877	-0.326739	9.220604
1335	1776.916472	68.196530	10.870994	-0.323983	9.762311
1337	1778.987405	68.029096	10.862436	-0.323204	9.444317
1339	1781.058085	67.968934	10.790846	-0.320391	9.270342
1341	1783.128831	67.838111	10.762876	-0.318663	9.451172
1343	1785.199523	67.755772	10.696846	-0.316776	9.268974
1345	1787.270469	67.667691	10.634425	-0.314532	9.475247
1347	1789.340778	67.595733	10.536957	-0.312407	9.483200
1349	1791.411192	67.542459	10.461523	-0.310274	9.048585
1351	1793.481555	67.425130	10.426488	-0.308382	9.652509
1353	1795.552166	67.331893	10.344271	-0.306281	8.923365
1355	1797.622802	67.228033	10.274447	-0.304267	9.302490
1357	1799.693257	67.136407	10.203881	-0.302048	9.287939
1359	1801.764023	67.101370	10.099417	-0.300093	9.037317
1361	1803.834523	66.976843	10.082701	-0.297927	9.150987
1363	1805.905647	66.900367	9.984093	-0.296147	8.973149
1365	1807.976269	66.898632	9.871455	-0.294585	9.147356
1367	1810.047208	66.751589	9.836675	-0.292945	9.161668
1369	1812.117812	66.673961	9.758960	-0.290194	8.941410
1371	1814.188534	66.585217	9.694276	-0.290122	8.846753
1373	1816.259218	66.510046	9.604987	-0.288102	9.182946
1375	1818.330001	66.545135	9.421609	-0.285838	9.311595
1377	1820.400886	66.451032	9.355436	-0.284659	9.381527
1379	1822.471806	66.421978	9.241442	-0.283012	8.698661
1381	1824.542471	66.317999	9.241028	-0.281143	9.055787
1383	1826.613682	66.195484	9.207512	-0.278473	9.060236
1385	1828.684422	66.138477	9.093190	-0.277848	8.802273
1387	1830.755655	66.062767	9.056509	-0.275778	8.814629
1389	1832.826812	65.951306	9.023485	-0.274550	9.069460
1391	1834.897637	65.847954	8.992361	-0.272500	8.973822
1393	1836.968716	65.778892	8.922026	-0.270580	8.767414
1395	1839.039708	65.680265	8.871943	-0.269235	8.883111
1397	1841.110298	65.611699	8.789927	-0.267733	8.871051
1399	1843.181397	65.549947	8.728260	-0.265318	8.682378
1401	1845.251735	65.480915	8.659565	-0.263664	8.706787
1403	1847.322633	65.423243	8.594905	-0.261981	8.956856
1405	1849.393242	65.327467	8.481479	-0.260566	8.400112
1407	1851.463670	65.249941	8.421521	-0.258706	8.983956
1409	1853.533846	65.149950	8.385860	-0.257276	8.659901
1411	1855.604353	65.093748	8.287168	-0.254915	8.782880
1413	1857.674788	64.992289	8.235799	-0.254049	8.554670
1415	1859.744914	64.925830	8.142713	-0.252051	8.646128
1417	1861.815837	64.859599	8.097598	-0.250145	8.399849
1419	1863.886263	64.753211	8.034622	-0.248887	8.504216
1421	1865.956508	64.717367	7.934105	-0.247237	8.660106
1423	1868.027466	64.576031	7.901425	-0.246201	8.915521
1425	1870.097963	64.514132	7.811073	-0.245027	8.256674
1427	1872.168730	64.450440	7.751312	-0.243507	8.312938
1429	1874.239077	64.355801	7.693743	-0.241894	8.526717
1431	1876.309850	64.247632	7.645510	-0.241253	8.635907
1433	1878.380082	64.205733	7.535475	-0.239475	8.565999
1435	1880.450911	64.163195	7.485145	-0.237753	8.568702
1437	1882.521431	64.014650	7.443648	-0.236986	8.570664
1439	1884.592127	64.027731	7.283217	-0.235601	8.390015
1441	1886.663041	63.901273	7.285670	-0.234481	8.638323
1443	1888.733719	63.794112	7.274080	-0.233146	8.504311
1445	1890.804984	63.722157	7.159957	-0.231720	8.330141
1447	1892.875715	63.650069	7.094612	-0.230439	8.348479
1449	1894.946530	63.574609	7.035899	-0.229362	8.329777
1451	1897.017767	63.535895	6.941688	-0.228130	8.528001
1453	1899.088519	63.451692	6.892166	-0.226577	8.169566
1455	1901.159260	63.450282	6.824265	-0.224484	8.792130
1457	1903.230046	63.357679	6.743783	-0.223927	8.399465
