crossing time (s)	slope (V/s)	crossing number
281474976710655.000000	41.462376	243	0.000000
281474976710655.000000	50.656143	244	0.000000
281474976710655.000000	44.896694	245	0.000000
281474976710655.000000	35.975048	246	0.000000
281474976710655.000000	40.810314	247	0.000000
281474976710655.000000	34.056740	248	0.000000
281474976710655.000000	41.138168	249	0.000000
281474976710655.000000	40.444229	250	0.000000
281474976710655.000000	44.995697	251	0.000000
281474976710655.000000	53.066376	252	0.000000
281474976710655.000000	45.219501	253	0.000000
281474976710655.000000	40.694386	254	0.000000
281474976710655.000000	41.365612	255	0.000000
281474976710655.000000	40.262264	256	0.000000
281474976710655.000000	40.851997	257	0.000000
281474976710655.000000	35.000271	258	0.000000
281474976710655.000000	36.588039	259	0.000000
281474976710655.000000	31.279736	260	0.000000
281474976710655.000000	35.836014	261	0.000000
281474976710655.000000	33.225723	262	0.000000
281474976710655.000000	37.988358	263	0.000000
281474976710655.000000	49.629471	264	0.000000
281474976710655.000000	35.302429	265	0.000000
281474976710655.000000	32.907181	266	0.000000
281474976710655.000000	39.755932	267	0.000000
281474976710655.000000	39.793396	268	0.000000
281474976710655.000000	43.761959	269	0.000000
281474976710655.000000	33.141720	270	0.000000
281474976710655.000000	32.960045	271	0.000000
281474976710655.000000	43.794163	272	0.000000
281474976710655.000000	35.056973	273	0.000000
281474976710655.000000	34.319412	274	0.000000
281474976710655.000000	39.381813	275	0.000000
281474976710655.000000	39.347263	276	0.000000
281474976710655.000000	34.212219	277	0.000000
281474976710655.000000	39.345531	278	0.000000
281474976710655.000000	32.598785	279	0.000000
281474976710655.000000	32.400791	280	0.000000
281474976710655.000000	39.281094	281	0.000000
281474976710655.000000	38.960896	282	0.000000
281474976710655.000000	37.057217	283	0.000000
281474976710655.000000	38.885185	284	0.000000
281474976710655.000000	39.918488	285	0.000000
281474976710655.000000	38.747265	286	0.000000
281474976710655.000000	36.678185	287	0.000000
281474976710655.000000	38.806232	288	0.000000
281474976710655.000000	47.387127	289	0.000000
281474976710655.000000	38.463799	290	0.000000
281474976710655.000000	39.864521	291	0.000000
281474976710655.000000	34.697971	292	0.000000
281474976710655.000000	42.286503	293	0.000000
281474976710655.000000	37.473263	294	0.000000
281474976710655.000000	33.985004	295	0.000000
281474976710655.000000	33.066463	296	0.000000
281474976710655.000000	38.281219	297	0.000000
281474976710655.000000	35.748306	298	0.000000
281474976710655.000000	38.031231	299	0.000000
281474976710655.000000	37.958462	300	0.000000
281474976710655.000000	38.012547	301	0.000000
281474976710655.000000	33.086555	302	0.000000
281474976710655.000000	37.577705	303	0.000000
281474976710655.000000	37.330917	304	0.000000
281474976710655.000000	35.186527	305	0.000000
281474976710655.000000	37.379833	306	0.000000
281474976710655.000000	31.458954	307	0.000000
281474976710655.000000	38.317753	308	0.000000
281474976710655.000000	37.351257	309	0.000000
281474976710655.000000	45.743603	310	0.000000
281474976710655.000000	37.191509	311	0.000000
281474976710655.000000	35.081844	312	0.000000
281474976710655.000000	37.187122	313	0.000000
281474976710655.000000	34.958893	314	0.000000
281474976710655.000000	36.761883	315	0.000000
281474976710655.000000	36.549614	316	0.000000
281474976710655.000000	33.286072	317	0.000000
281474976710655.000000	36.525951	318	0.000000
281474976710655.000000	36.648056	319	0.000000
281474976710655.000000	36.349068	320	0.000000
281474976710655.000000	36.488056	321	0.000000
281474976710655.000000	32.037079	322	0.000000
281474976710655.000000	32.001419	323	0.000000
281474976710655.000000	36.141438	324	0.000000
281474976710655.000000	36.023052	325	0.000000
281474976710655.000000	31.783932	326	0.000000
281474976710655.000000	37.503162	327	0.000000
281474976710655.000000	33.596256	328	0.000000
281474976710655.000000	34.318924	329	0.000000
281474976710655.000000	34.430313	330	0.000000
281474976710655.000000	32.160568	331	0.000000
281474976710655.000000	35.647362	332	0.000000
281474976710655.000000	36.334801	333	0.000000
281474976710655.000000	33.634453	334	0.000000
281474976710655.000000	36.022625	335	0.000000
281474976710655.000000	37.092564	336	0.000000
281474976710655.000000	31.289745	337	0.000000
281474976710655.000000	31.420507	338	0.000000
281474976710655.000000	31.455351	339	0.000000
281474976710655.000000	33.276711	340	0.000000
281474976710655.000000	35.652401	341	0.000000
281474976710655.000000	30.949070	342	0.000000
281474976710655.000000	31.459524	343	0.000000
281474976710655.000000	36.471458	344	0.000000
281474976710655.000000	33.652431	345	0.000000
281474976710655.000000	38.287392	346	0.000000
281474976710655.000000	31.036329	347	0.000000
281474976710655.000000	35.206760	348	0.000000
281474976710655.000000	39.270859	349	0.000000
281474976710655.000000	33.119900	350	0.000000
281474976710655.000000	33.871624	351	0.000000
281474976710655.000000	36.552479	352	0.000000
281474976710655.000000	36.090164	353	0.000000
281474976710655.000000	30.474720	354	0.000000
281474976710655.000000	33.006725	355	0.000000
281474976710655.000000	34.633392	356	0.000000
281474976710655.000000	31.448202	357	0.000000
281474976710655.000000	30.142990	358	0.000000
281474976710655.000000	30.573235	359	0.000000
281474976710655.000000	30.219595	360	0.000000
281474976710655.000000	38.111969	361	0.000000
281474976710655.000000	34.067844	362	0.000000
281474976710655.000000	30.348719	363	0.000000
281474976710655.000000	30.080807	364	0.000000
281474976710655.000000	32.766468	365	0.000000
281474976710655.000000	32.600437	366	0.000000
281474976710655.000000	37.559170	367	0.000000
281474976710655.000000	31.234472	368	0.000000
281474976710655.000000	32.672668	369	0.000000
281474976710655.000000	28.424166	370	0.000000
281474976710655.000000	34.211811	371	0.000000
281474976710655.000000	34.020145	372	0.000000
281474976710655.000000	30.052734	373	0.000000
281474976710655.000000	35.232288	374	0.000000
281474976710655.000000	32.313042	375	0.000000
281474976710655.000000	31.644442	376	0.000000
281474976710655.000000	29.952131	377	0.000000
281474976710655.000000	33.447411	378	0.000000
281474976710655.000000	28.243719	379	0.000000
281474976710655.000000	39.341465	380	0.000000
281474976710655.000000	34.871685	381	0.000000
281474976710655.000000	31.501629	382	0.000000
281474976710655.000000	35.204361	383	0.000000
281474976710655.000000	31.240210	384	0.000000
281474976710655.000000	33.508209	385	0.000000
281474976710655.000000	33.015892	386	0.000000
281474976710655.000000	33.450855	387	0.000000
281474976710655.000000	29.187542	388	0.000000
281474976710655.000000	34.821701	389	0.000000
281474976710655.000000	32.775635	390	0.000000
281474976710655.000000	34.935799	391	0.000000
281474976710655.000000	33.590244	392	0.000000
281474976710655.000000	29.870310	393	0.000000
281474976710655.000000	33.006844	394	0.000000
281474976710655.000000	36.353184	395	0.000000
281474976710655.000000	29.644047	396	0.000000
281474976710655.000000	30.777611	397	0.000000
281474976710655.000000	33.994568	398	0.000000
281474976710655.000000	37.461506	399	0.000000
281474976710655.000000	28.701555	400	0.000000
281474976710655.000000	35.489529	401	0.000000
281474976710655.000000	33.765751	402	0.000000
281474976710655.000000	31.102678	403	0.000000
281474976710655.000000	29.146568	404	0.000000
281474976710655.000000	28.942413	405	0.000000
281474976710655.000000	30.552607	406	0.000000
281474976710655.000000	33.295010	407	0.000000
281474976710655.000000	32.503468	408	0.000000
281474976710655.000000	30.812143	409	0.000000
281474976710655.000000	30.382439	410	0.000000
281474976710655.000000	32.654816	411	0.000000
281474976710655.000000	30.219795	412	0.000000
281474976710655.000000	32.759396	413	0.000000
281474976710655.000000	30.289017	414	0.000000
281474976710655.000000	35.263493	415	0.000000
281474976710655.000000	30.270855	416	0.000000
281474976710655.000000	32.203255	417	0.000000
281474976710655.000000	34.223526	418	0.000000
281474976710655.000000	32.172459	419	0.000000
281474976710655.000000	32.867859	420	0.000000
281474976710655.000000	35.250023	421	0.000000
281474976710655.000000	27.551886	422	0.000000
281474976710655.000000	29.152584	423	0.000000
281474976710655.000000	32.827011	424	0.000000
281474976710655.000000	33.450974	425	0.000000
281474976710655.000000	28.239336	426	0.000000
281474976710655.000000	31.831301	427	0.000000
281474976710655.000000	31.140335	428	0.000000
281474976710655.000000	29.341713	429	0.000000
281474976710655.000000	28.777714	430	0.000000
281474976710655.000000	32.726185	431	0.000000
281474976710655.000000	29.023619	432	0.000000
281474976710655.000000	33.070694	433	0.000000
281474976710655.000000	30.944145	434	0.000000
281474976710655.000000	33.016567	435	0.000000
281474976710655.000000	32.475918	436	0.000000
281474976710655.000000	28.216591	437	0.000000
281474976710655.000000	30.779062	438	0.000000
281474976710655.000000	30.929602	439	0.000000
281474976710655.000000	34.797760	440	0.000000
281474976710655.000000	31.902966	441	0.000000
281474976710655.000000	30.420071	442	0.000000
281474976710655.000000	35.985493	443	0.000000
281474976710655.000000	32.608120	444	0.000000
281474976710655.000000	29.138029	445	0.000000
281474976710655.000000	29.741262	446	0.000000
281474976710655.000000	30.721527	447	0.000000
281474976710655.000000	30.759916	448	0.000000
281474976710655.000000	30.076342	449	0.000000
281474976710655.000000	30.254757	450	0.000000
281474976710655.000000	30.552130	451	0.000000
281474976710655.000000	28.754091	452	0.000000
281474976710655.000000	31.673452	453	0.000000
281474976710655.000000	28.619644	454	0.000000
281474976710655.000000	30.475737	455	0.000000
281474976710655.000000	28.489454	456	0.000000
281474976710655.000000	28.856815	457	0.000000
281474976710655.000000	29.253347	458	0.000000
281474976710655.000000	28.102402	459	0.000000
281474976710655.000000	33.055042	460	0.000000
281474976710655.000000	30.990257	461	0.000000
281474976710655.000000	30.020105	462	0.000000
281474976710655.000000	25.272367	463	0.000000
281474976710655.000000	33.768921	464	0.000000
281474976710655.000000	29.576651	465	0.000000
281474976710655.000000	35.101543	466	0.000000
281474976710655.000000	29.392956	467	0.000000
281474976710655.000000	29.161896	468	0.000000
281474976710655.000000	27.915194	469	0.000000
281474976710655.000000	27.163986	470	0.000000
281474976710655.000000	32.146217	471	0.000000
281474976710655.000000	27.265081	472	0.000000
281474976710655.000000	27.663128	473	0.000000
281474976710655.000000	30.020374	474	0.000000
281474976710655.000000	27.379539	475	0.000000
281474976710655.000000	28.398916	476	0.000000
281474976710655.000000	28.123432	477	0.000000
281474976710655.000000	28.485197	478	0.000000
281474976710655.000000	27.136374	479	0.000000
281474976710655.000000	26.117912	480	0.000000
281474976710655.000000	31.498758	481	0.000000
281474976710655.000000	27.208740	482	0.000000
281474976710655.000000	31.452257	483	0.000000
281474976710655.000000	29.402636	484	0.000000
281474976710655.000000	27.906418	485	0.000000
281474976710655.000000	31.809471	486	0.000000
281474976710655.000000	27.168093	487	0.000000
281474976710655.000000	25.434792	488	0.000000
281474976710655.000000	30.574392	489	0.000000
281474976710655.000000	29.245392	490	0.000000
281474976710655.000000	30.583128	491	0.000000
281474976710655.000000	29.274773	492	0.000000
281474976710655.000000	27.022499	493	0.000000
281474976710655.000000	26.600986	494	0.000000
281474976710655.000000	28.271385	495	0.000000
281474976710655.000000	29.976744	496	0.000000
281474976710655.000000	26.865217	497	0.000000
281474976710655.000000	26.700489	498	0.000000
281474976710655.000000	28.125475	499	0.000000
281474976710655.000000	27.761929	500	0.000000
281474976710655.000000	26.857176	501	0.000000
281474976710655.000000	26.246454	502	0.000000
281474976710655.000000	26.513762	503	0.000000
281474976710655.000000	25.827726	504	0.000000
281474976710655.000000	28.684492	505	0.000000
281474976710655.000000	26.725714	506	0.000000
281474976710655.000000	26.930035	507	0.000000
281474976710655.000000	27.282335	508	0.000000
281474976710655.000000	28.425648	509	0.000000
281474976710655.000000	25.957008	510	0.000000
281474976710655.000000	27.664793	511	0.000000
281474976710655.000000	27.767902	512	0.000000
281474976710655.000000	28.909243	513	0.000000
281474976710655.000000	26.330639	514	0.000000
281474976710655.000000	26.144104	515	0.000000
281474976710655.000000	27.056576	516	0.000000
281474976710655.000000	29.383871	517	0.000000
281474976710655.000000	30.580015	518	0.000000
281474976710655.000000	25.945717	519	0.000000
281474976710655.000000	28.636360	520	0.000000
281474976710655.000000	29.351772	521	0.000000
281474976710655.000000	27.731550	522	0.000000
281474976710655.000000	25.756971	523	0.000000
281474976710655.000000	26.764435	524	0.000000
281474976710655.000000	25.828705	525	0.000000
281474976710655.000000	27.050488	526	0.000000
281474976710655.000000	29.023802	527	0.000000
281474976710655.000000	27.127174	528	0.000000
281474976710655.000000	27.423008	529	0.000000
281474976710655.000000	28.752174	530	0.000000
281474976710655.000000	25.582010	531	0.000000
281474976710655.000000	26.434683	532	0.000000
281474976710655.000000	27.320341	533	0.000000
281474976710655.000000	28.173439	534	0.000000
281474976710655.000000	30.037992	535	0.000000
281474976710655.000000	26.271259	536	0.000000
281474976710655.000000	26.693619	537	0.000000
281474976710655.000000	26.381025	538	0.000000
281474976710655.000000	25.501234	539	0.000000
281474976710655.000000	24.930502	540	0.000000
281474976710655.000000	25.376875	541	0.000000
281474976710655.000000	26.233278	542	0.000000
281474976710655.000000	28.297747	543	0.000000
281474976710655.000000	28.001961	544	0.000000
281474976710655.000000	25.170547	545	0.000000
281474976710655.000000	26.301996	546	0.000000
281474976710655.000000	29.354717	547	0.000000
281474976710655.000000	26.624334	548	0.000000
281474976710655.000000	26.305456	549	0.000000
281474976710655.000000	25.793783	550	0.000000
281474976710655.000000	28.384903	551	0.000000
281474976710655.000000	27.899921	552	0.000000
281474976710655.000000	27.005917	553	0.000000
281474976710655.000000	27.660610	554	0.000000
281474976710655.000000	26.509258	555	0.000000
281474976710655.000000	27.359549	556	0.000000
281474976710655.000000	27.752193	557	0.000000
281474976710655.000000	24.364864	558	0.000000
281474976710655.000000	28.003969	559	0.000000
281474976710655.000000	29.020308	560	0.000000
281474976710655.000000	29.081478	561	0.000000
281474976710655.000000	24.068314	562	0.000000
281474976710655.000000	23.710335	563	0.000000
281474976710655.000000	27.485231	564	0.000000
281474976710655.000000	27.039900	565	0.000000
281474976710655.000000	25.961298	566	0.000000
281474976710655.000000	26.658092	567	0.000000
281474976710655.000000	25.433830	568	0.000000
281474976710655.000000	25.595114	569	0.000000
281474976710655.000000	23.955944	570	0.000000
281474976710655.000000	26.212284	571	0.000000
281474976710655.000000	24.154520	572	0.000000
281474976710655.000000	25.535192	573	0.000000
281474976710655.000000	26.933136	574	0.000000
281474976710655.000000	24.171017	575	0.000000
281474976710655.000000	24.805548	576	0.000000
281474976710655.000000	25.292299	577	0.000000
281474976710655.000000	24.821306	578	0.000000
281474976710655.000000	28.393877	579	0.000000
281474976710655.000000	24.931684	580	0.000000
281474976710655.000000	24.627327	581	0.000000
281474976710655.000000	24.920393	582	0.000000
281474976710655.000000	24.940987	583	0.000000
281474976710655.000000	27.633184	584	0.000000
281474976710655.000000	24.949375	585	0.000000
281474976710655.000000	26.562738	586	0.000000
281474976710655.000000	26.702139	587	0.000000
281474976710655.000000	27.044609	588	0.000000
281474976710655.000000	26.639063	589	0.000000
281474976710655.000000	24.914501	590	0.000000
281474976710655.000000	26.596369	591	0.000000
281474976710655.000000	25.255592	592	0.000000
281474976710655.000000	25.515305	593	0.000000
281474976710655.000000	23.240093	594	0.000000
281474976710655.000000	24.797346	595	0.000000
281474976710655.000000	25.134985	596	0.000000
281474976710655.000000	25.332283	597	0.000000
281474976710655.000000	24.075081	598	0.000000
281474976710655.000000	26.106731	599	0.000000
281474976710655.000000	24.910589	600	0.000000
281474976710655.000000	25.806824	601	0.000000
281474976710655.000000	25.910233	602	0.000000
281474976710655.000000	25.243752	603	0.000000
281474976710655.000000	25.670605	604	0.000000
281474976710655.000000	23.013430	605	0.000000
281474976710655.000000	25.036535	606	0.000000
281474976710655.000000	24.283945	607	0.000000
281474976710655.000000	24.141951	608	0.000000
281474976710655.000000	23.374304	609	0.000000
281474976710655.000000	22.654915	610	0.000000
281474976710655.000000	24.575327	611	0.000000
281474976710655.000000	24.701412	612	0.000000
281474976710655.000000	23.920195	613	0.000000
281474976710655.000000	23.665207	614	0.000000
281474976710655.000000	22.921337	615	0.000000
281474976710655.000000	23.592815	616	0.000000
281474976710655.000000	24.514303	617	0.000000
281474976710655.000000	22.469349	618	0.000000
281474976710655.000000	23.788208	619	0.000000
281474976710655.000000	26.493471	620	0.000000
281474976710655.000000	26.704222	621	0.000000
281474976710655.000000	23.925797	622	0.000000
281474976710655.000000	24.698627	623	0.000000
281474976710655.000000	23.843798	624	0.000000
281474976710655.000000	23.665316	625	0.000000
281474976710655.000000	23.908770	626	0.000000
281474976710655.000000	22.811577	627	0.000000
281474976710655.000000	25.214033	628	0.000000
281474976710655.000000	22.588964	629	0.000000
281474976710655.000000	25.158972	630	0.000000
281474976710655.000000	24.446321	631	0.000000
281474976710655.000000	22.071608	632	0.000000
281474976710655.000000	24.244663	633	0.000000
281474976710655.000000	26.063883	634	0.000000
281474976710655.000000	23.856878	635	0.000000
281474976710655.000000	24.142878	636	0.000000
281474976710655.000000	22.990801	637	0.000000
281474976710655.000000	22.923552	638	0.000000
281474976710655.000000	25.321907	639	0.000000
281474976710655.000000	24.145769	640	0.000000
281474976710655.000000	21.912844	641	0.000000
281474976710655.000000	23.445244	642	0.000000
281474976710655.000000	22.995333	643	0.000000
281474976710655.000000	21.675858	644	0.000000
281474976710655.000000	24.265549	645	0.000000
281474976710655.000000	23.506235	646	0.000000
281474976710655.000000	22.968098	647	0.000000
281474976710655.000000	23.929327	648	0.000000
281474976710655.000000	22.378311	649	0.000000
281474976710655.000000	25.292803	650	0.000000
281474976710655.000000	22.453104	651	0.000000
281474976710655.000000	23.589371	652	0.000000
281474976710655.000000	21.313496	653	0.000000
281474976710655.000000	22.578922	654	0.000000
281474976710655.000000	24.719189	655	0.000000
281474976710655.000000	23.378342	656	0.000000
281474976710655.000000	21.932119	657	0.000000
281474976710655.000000	23.428905	658	0.000000
281474976710655.000000	22.267561	659	0.000000
281474976710655.000000	22.463606	660	0.000000
281474976710655.000000	23.510883	661	0.000000
281474976710655.000000	22.109219	662	0.000000
281474976710655.000000	22.755796	663	0.000000
281474976710655.000000	21.572025	664	0.000000
281474976710655.000000	22.519390	665	0.000000
281474976710655.000000	24.560907	666	0.000000
281474976710655.000000	22.952812	667	0.000000
281474976710655.000000	22.024635	668	0.000000
281474976710655.000000	20.643648	669	0.000000
281474976710655.000000	23.162045	670	0.000000
281474976710655.000000	21.813295	671	0.000000
281474976710655.000000	22.463760	672	0.000000
281474976710655.000000	22.040115	673	0.000000
281474976710655.000000	21.883492	674	0.000000
281474976710655.000000	22.393007	675	0.000000
281474976710655.000000	22.207733	676	0.000000
281474976710655.000000	21.532410	677	0.000000
281474976710655.000000	21.781021	678	0.000000
281474976710655.000000	21.711824	679	0.000000
281474976710655.000000	21.484083	680	0.000000
281474976710655.000000	21.544838	681	0.000000
281474976710655.000000	21.638239	682	0.000000
281474976710655.000000	21.970808	683	0.000000
281474976710655.000000	22.099463	684	0.000000
281474976710655.000000	20.778416	685	0.000000
281474976710655.000000	21.908739	686	0.000000
281474976710655.000000	21.933968	687	0.000000
281474976710655.000000	21.649303	688	0.000000
281474976710655.000000	22.381716	689	0.000000
281474976710655.000000	22.322878	690	0.000000
281474976710655.000000	20.866879	691	0.000000
281474976710655.000000	22.280201	692	0.000000
281474976710655.000000	21.134518	693	0.000000
281474976710655.000000	21.734289	694	0.000000
281474976710655.000000	21.391611	695	0.000000
281474976710655.000000	20.957926	696	0.000000
281474976710655.000000	21.966600	697	0.000000
281474976710655.000000	21.064768	698	0.000000
281474976710655.000000	20.605341	699	0.000000
281474976710655.000000	21.396637	700	0.000000
281474976710655.000000	22.062336	701	0.000000
281474976710655.000000	22.107733	702	0.000000
281474976710655.000000	21.504133	703	0.000000
281474976710655.000000	21.564486	704	0.000000
281474976710655.000000	21.592459	705	0.000000
281474976710655.000000	21.093943	706	0.000000
281474976710655.000000	21.321291	707	0.000000
281474976710655.000000	21.911467	708	0.000000
281474976710655.000000	21.985622	709	0.000000
281474976710655.000000	20.688282	710	0.000000
281474976710655.000000	21.280836	711	0.000000
281474976710655.000000	20.874231	712	0.000000
281474976710655.000000	20.235622	713	0.000000
281474976710655.000000	21.623796	714	0.000000
281474976710655.000000	20.433622	715	0.000000
281474976710655.000000	20.743618	716	0.000000
281474976710655.000000	20.492373	717	0.000000
281474976710655.000000	21.798159	718	0.000000
281474976710655.000000	20.461733	719	0.000000
281474976710655.000000	21.158346	720	0.000000
281474976710655.000000	20.443829	721	0.000000
281474976710655.000000	20.289137	722	0.000000
281474976710655.000000	20.105303	723	0.000000
281474976710655.000000	19.657665	724	0.000000
281474976710655.000000	19.707481	725	0.000000
281474976710655.000000	21.114054	726	0.000000
281474976710655.000000	20.077559	727	0.000000
281474976710655.000000	21.152124	728	0.000000
281474976710655.000000	20.182802	729	0.000000
281474976710655.000000	21.118240	730	0.000000
281474976710655.000000	19.867264	731	0.000000
281474976710655.000000	21.809525	732	0.000000
281474976710655.000000	20.297646	733	0.000000
281474976710655.000000	19.989317	734	0.000000
281474976710655.000000	19.361000	735	0.000000
281474976710655.000000	20.589569	736	0.000000
281474976710655.000000	18.466177	737	0.000000
281474976710655.000000	19.673836	738	0.000000
281474976710655.000000	17.951977	739	0.000000
281474976710655.000000	20.270334	740	0.000000
281474976710655.000000	19.141066	741	0.000000
281474976710655.000000	20.634619	742	0.000000
281474976710655.000000	18.486956	743	0.000000
281474976710655.000000	19.806179	744	0.000000
281474976710655.000000	18.902330	745	0.000000
281474976710655.000000	19.684092	746	0.000000
281474976710655.000000	18.430569	747	0.000000
281474976710655.000000	19.317196	748	0.000000
281474976710655.000000	19.202469	749	0.000000
281474976710655.000000	20.048214	750	0.000000
281474976710655.000000	18.920923	751	0.000000
281474976710655.000000	20.407881	752	0.000000
281474976710655.000000	19.043409	753	0.000000
281474976710655.000000	18.477930	754	0.000000
281474976710655.000000	18.871946	755	0.000000
281474976710655.000000	19.916086	756	0.000000
281474976710655.000000	19.913857	757	0.000000
281474976710655.000000	19.277905	758	0.000000
281474976710655.000000	18.996277	759	0.000000
281474976710655.000000	18.709852	760	0.000000
281474976710655.000000	20.044548	761	0.000000
281474976710655.000000	18.586834	762	0.000000
281474976710655.000000	19.228596	763	0.000000
281474976710655.000000	19.900433	764	0.000000
281474976710655.000000	18.926735	765	0.000000
281474976710655.000000	19.023182	766	0.000000
281474976710655.000000	19.346054	767	0.000000
281474976710655.000000	19.214819	768	0.000000
281474976710655.000000	18.633068	769	0.000000
281474976710655.000000	18.471466	770	0.000000
281474976710655.000000	18.716270	771	0.000000
281474976710655.000000	19.946470	772	0.000000
281474976710655.000000	18.972210	773	0.000000
281474976710655.000000	19.571249	774	0.000000
281474976710655.000000	18.244883	775	0.000000
281474976710655.000000	19.381355	776	0.000000
281474976710655.000000	18.772331	777	0.000000
281474976710655.000000	18.877991	778	0.000000
281474976710655.000000	19.412348	779	0.000000
281474976710655.000000	19.579548	780	0.000000
281474976710655.000000	18.203037	781	0.000000
281474976710655.000000	18.628649	782	0.000000
281474976710655.000000	17.574621	783	0.000000
281474976710655.000000	19.224072	784	0.000000
281474976710655.000000	17.840149	785	0.000000
281474976710655.000000	20.033697	786	0.000000
281474976710655.000000	17.863850	787	0.000000
281474976710655.000000	18.699148	788	0.000000
281474976710655.000000	17.100285	789	0.000000
281474976710655.000000	19.801935	790	0.000000
281474976710655.000000	17.099325	791	0.000000
281474976710655.000000	18.894882	792	0.000000
281474976710655.000000	17.162760	793	0.000000
281474976710655.000000	19.036772	794	0.000000
281474976710655.000000	16.894293	795	0.000000
281474976710655.000000	18.240332	796	0.000000
281474976710655.000000	16.798468	797	0.000000
281474976710655.000000	18.722618	798	0.000000
281474976710655.000000	16.707191	799	0.000000
281474976710655.000000	19.379095	800	0.000000
281474976710655.000000	16.641991	801	0.000000
281474976710655.000000	18.854156	802	0.000000
281474976710655.000000	16.909101	803	0.000000
281474976710655.000000	18.673574	804	0.000000
281474976710655.000000	16.399302	805	0.000000
281474976710655.000000	18.524282	806	0.000000
281474976710655.000000	16.468491	807	0.000000
281474976710655.000000	18.316195	808	0.000000
281474976710655.000000	17.116259	809	0.000000
281474976710655.000000	18.285042	810	0.000000
281474976710655.000000	16.303545	811	0.000000
281474976710655.000000	18.766396	812	0.000000
281474976710655.000000	16.519878	813	0.000000
281474976710655.000000	18.527075	814	0.000000
281474976710655.000000	16.148113	815	0.000000
281474976710655.000000	18.146416	816	0.000000
281474976710655.000000	16.654129	817	0.000000
281474976710655.000000	17.870087	818	0.000000
281474976710655.000000	16.625023	819	0.000000
281474976710655.000000	17.768774	820	0.000000
281474976710655.000000	16.137369	821	0.000000
281474976710655.000000	17.767927	822	0.000000
281474976710655.000000	16.961018	823	0.000000
281474976710655.000000	17.748566	824	0.000000
281474976710655.000000	16.429268	825	0.000000
281474976710655.000000	17.515324	826	0.000000
281474976710655.000000	16.559120	827	0.000000
281474976710655.000000	17.512489	828	0.000000
281474976710655.000000	17.005436	829	0.000000
281474976710655.000000	17.362631	830	0.000000
281474976710655.000000	16.648954	831	0.000000
281474976710655.000000	17.527746	832	0.000000
281474976710655.000000	16.689228	833	0.000000
281474976710655.000000	17.156487	834	0.000000
281474976710655.000000	16.462742	835	0.000000
281474976710655.000000	17.453049	836	0.000000
281474976710655.000000	16.330715	837	0.000000
281474976710655.000000	17.420734	838	0.000000
281474976710655.000000	16.001230	839	0.000000
281474976710655.000000	17.403685	840	0.000000
281474976710655.000000	16.812716	841	0.000000
281474976710655.000000	16.983803	842	0.000000
281474976710655.000000	16.662512	843	0.000000
281474976710655.000000	17.218166	844	0.000000
281474976710655.000000	16.006479	845	0.000000
281474976710655.000000	17.101843	846	0.000000
281474976710655.000000	15.859208	847	0.000000
281474976710655.000000	17.271376	848	0.000000
281474976710655.000000	15.488086	849	0.000000
281474976710655.000000	16.780691	850	0.000000
281474976710655.000000	15.267389	851	0.000000
281474976710655.000000	17.394238	852	0.000000
281474976710655.000000	15.279795	853	0.000000
281474976710655.000000	16.493671	854	0.000000
281474976710655.000000	14.811175	855	0.000000
281474976710655.000000	17.228432	856	0.000000
281474976710655.000000	14.864956	857	0.000000
281474976710655.000000	17.392374	858	0.000000
281474976710655.000000	14.380127	859	0.000000
281474976710655.000000	16.714998	860	0.000000
281474976710655.000000	14.631257	861	0.000000
281474976710655.000000	16.682032	862	0.000000
281474976710655.000000	14.384462	863	0.000000
281474976710655.000000	17.172663	864	0.000000
281474976710655.000000	14.823053	865	0.000000
281474976710655.000000	16.832071	866	0.000000
281474976710655.000000	14.465080	867	0.000000
281474976710655.000000	16.690203	868	0.000000
281474976710655.000000	14.327936	869	0.000000
281474976710655.000000	17.156120	870	0.000000
281474976710655.000000	14.438649	871	0.000000
281474976710655.000000	16.579573	872	0.000000
281474976710655.000000	14.611515	873	0.000000
281474976710655.000000	16.491940	874	0.000000
281474976710655.000000	14.190210	875	0.000000
281474976710655.000000	16.325069	876	0.000000
281474976710655.000000	14.133014	877	0.000000
281474976710655.000000	16.435143	878	0.000000
281474976710655.000000	14.418423	879	0.000000
281474976710655.000000	16.696562	880	0.000000
281474976710655.000000	14.013682	881	0.000000
281474976710655.000000	16.472809	882	0.000000
281474976710655.000000	15.151540	883	0.000000
281474976710655.000000	15.908706	884	0.000000
281474976710655.000000	14.594347	885	0.000000
281474976710655.000000	15.869748	886	0.000000
281474976710655.000000	14.565952	887	0.000000
281474976710655.000000	16.169794	888	0.000000
281474976710655.000000	14.473639	889	0.000000
281474976710655.000000	15.891293	890	0.000000
281474976710655.000000	14.438025	891	0.000000
281474976710655.000000	15.609824	892	0.000000
281474976710655.000000	14.745861	893	0.000000
281474976710655.000000	15.559694	894	0.000000
281474976710655.000000	14.659534	895	0.000000
281474976710655.000000	15.398488	896	0.000000
281474976710655.000000	14.231611	897	0.000000
281474976710655.000000	15.070459	898	0.000000
281474976710655.000000	14.360453	899	0.000000
281474976710655.000000	15.370027	900	0.000000
281474976710655.000000	14.025762	901	0.000000
281474976710655.000000	15.831949	902	0.000000
281474976710655.000000	14.470717	903	0.000000
281474976710655.000000	15.152070	904	0.000000
281474976710655.000000	14.318757	905	0.000000
281474976710655.000000	15.840644	906	0.000000
281474976710655.000000	13.961616	907	0.000000
281474976710655.000000	15.295168	908	0.000000
281474976710655.000000	13.852379	909	0.000000
281474976710655.000000	15.690966	910	0.000000
281474976710655.000000	13.740519	911	0.000000
281474976710655.000000	15.384471	912	0.000000
281474976710655.000000	13.255481	913	0.000000
281474976710655.000000	16.008673	914	0.000000
281474976710655.000000	12.973797	915	0.000000
281474976710655.000000	15.482616	916	0.000000
281474976710655.000000	13.051902	917	0.000000
281474976710655.000000	15.602584	918	0.000000
281474976710655.000000	12.858032	919	0.000000
281474976710655.000000	15.085732	920	0.000000
281474976710655.000000	12.712214	921	0.000000
281474976710655.000000	15.491472	922	0.000000
281474976710655.000000	12.746396	923	0.000000
281474976710655.000000	15.308656	924	0.000000
281474976710655.000000	12.479682	925	0.000000
281474976710655.000000	15.838073	926	0.000000
281474976710655.000000	12.548851	927	0.000000
281474976710655.000000	15.321697	928	0.000000
281474976710655.000000	12.457227	929	0.000000
281474976710655.000000	15.377691	930	0.000000
281474976710655.000000	12.632136	931	0.000000
281474976710655.000000	15.335901	932	0.000000
281474976710655.000000	12.362912	933	0.000000
281474976710655.000000	14.855131	934	0.000000
281474976710655.000000	12.246935	935	0.000000
281474976710655.000000	14.806359	936	0.000000
281474976710655.000000	12.177932	937	0.000000
281474976710655.000000	14.983433	938	0.000000
281474976710655.000000	12.541347	939	0.000000
281474976710655.000000	14.703217	940	0.000000
281474976710655.000000	12.507441	941	0.000000
281474976710655.000000	14.566765	942	0.000000
281474976710655.000000	12.563688	943	0.000000
281474976710655.000000	14.412276	944	0.000000
281474976710655.000000	12.819833	945	0.000000
281474976710655.000000	14.141444	946	0.000000
281474976710655.000000	12.549969	947	0.000000
281474976710655.000000	14.289782	948	0.000000
281474976710655.000000	12.596277	949	0.000000
281474976710655.000000	14.227924	950	0.000000
281474976710655.000000	12.808409	951	0.000000
281474976710655.000000	13.993456	952	0.000000
281474976710655.000000	12.807028	953	0.000000
281474976710655.000000	14.141992	954	0.000000
281474976710655.000000	13.066016	955	0.000000
281474976710655.000000	13.644143	956	0.000000
281474976710655.000000	12.629266	957	0.000000
281474976710655.000000	14.016874	958	0.000000
281474976710655.000000	12.948091	959	0.000000
281474976710655.000000	13.746677	960	0.000000
281474976710655.000000	12.922159	961	0.000000
281474976710655.000000	13.954244	962	0.000000
281474976710655.000000	12.617888	963	0.000000
281474976710655.000000	13.507091	964	0.000000
281474976710655.000000	12.693218	965	0.000000
281474976710655.000000	13.699388	966	0.000000
281474976710655.000000	12.577065	967	0.000000
281474976710655.000000	13.769612	968	0.000000
281474976710655.000000	12.447906	969	0.000000
281474976710655.000000	13.593255	970	0.000000
281474976710655.000000	12.561178	971	0.000000
281474976710655.000000	13.744307	972	0.000000
281474976710655.000000	12.252535	973	0.000000
281474976710655.000000	13.636530	974	0.000000
281474976710655.000000	12.097923	975	0.000000
281474976710655.000000	14.025744	976	0.000000
281474976710655.000000	12.208380	977	0.000000
281474976710655.000000	13.555659	978	0.000000
281474976710655.000000	11.821204	979	0.000000
281474976710655.000000	13.793634	980	0.000000
281474976710655.000000	11.959492	981	0.000000
281474976710655.000000	13.477262	982	0.000000
281474976710655.000000	11.383099	983	0.000000
281474976710655.000000	13.837773	984	0.000000
281474976710655.000000	11.368380	985	0.000000
281474976710655.000000	13.731808	986	0.000000
281474976710655.000000	11.363311	987	0.000000
281474976710655.000000	13.745246	988	0.000000
281474976710655.000000	11.337564	989	0.000000
281474976710655.000000	13.793960	990	0.000000
281474976710655.000000	11.136632	991	0.000000
281474976710655.000000	13.753534	992	0.000000
281474976710655.000000	11.111381	993	0.000000
281474976710655.000000	13.795972	994	0.000000
281474976710655.000000	11.272910	995	0.000000
281474976710655.000000	13.399644	996	0.000000
281474976710655.000000	11.266459	997	0.000000
281474976710655.000000	13.345030	998	0.000000
281474976710655.000000	11.103795	999	0.000000
281474976710655.000000	13.984482	1000	0.000000
281474976710655.000000	11.107957	1001	0.000000
281474976710655.000000	13.603820	1002	0.000000
281474976710655.000000	11.272621	1003	0.000000
281474976710655.000000	13.280658	1004	0.000000
281474976710655.000000	11.139138	1005	0.000000
281474976710655.000000	13.012563	1006	0.000000
281474976710655.000000	11.389935	1007	0.000000
281474976710655.000000	13.425459	1008	0.000000
281474976710655.000000	11.340801	1009	0.000000
281474976710655.000000	12.816228	1010	0.000000
281474976710655.000000	11.244920	1011	0.000000
281474976710655.000000	12.791088	1012	0.000000
281474976710655.000000	11.625229	1013	0.000000
281474976710655.000000	12.723512	1014	0.000000
281474976710655.000000	11.483634	1015	0.000000
281474976710655.000000	12.605859	1016	0.000000
281474976710655.000000	11.518946	1017	0.000000
281474976710655.000000	12.696342	1018	0.000000
281474976710655.000000	11.588163	1019	0.000000
281474976710655.000000	12.521039	1020	0.000000
281474976710655.000000	11.652427	1021	0.000000
281474976710655.000000	12.438293	1022	0.000000
281474976710655.000000	11.778659	1023	0.000000
281474976710655.000000	12.465017	1024	0.000000
281474976710655.000000	11.573614	1025	0.000000
281474976710655.000000	12.509267	1026	0.000000
281474976710655.000000	11.590127	1027	0.000000
281474976710655.000000	12.444726	1028	0.000000
281474976710655.000000	11.538685	1029	0.000000
281474976710655.000000	12.346547	1030	0.000000
281474976710655.000000	11.365041	1031	0.000000
281474976710655.000000	12.394966	1032	0.000000
281474976710655.000000	11.246716	1033	0.000000
281474976710655.000000	12.069575	1034	0.000000
281474976710655.000000	11.203822	1035	0.000000
281474976710655.000000	12.418730	1036	0.000000
281474976710655.000000	10.845922	1037	0.000000
281474976710655.000000	12.344741	1038	0.000000
281474976710655.000000	10.911841	1039	0.000000
281474976710655.000000	12.606086	1040	0.000000
281474976710655.000000	10.701827	1041	0.000000
281474976710655.000000	12.476661	1042	0.000000
281474976710655.000000	10.580891	1043	0.000000
281474976710655.000000	12.521115	1044	0.000000
281474976710655.000000	10.634067	1045	0.000000
281474976710655.000000	12.313139	1046	0.000000
281474976710655.000000	10.669984	1047	0.000000
281474976710655.000000	12.468260	1048	0.000000
281474976710655.000000	10.238774	1049	0.000000
281474976710655.000000	12.488968	1050	0.000000
281474976710655.000000	10.522780	1051	0.000000
281474976710655.000000	12.516467	1052	0.000000
281474976710655.000000	10.214666	1053	0.000000
281474976710655.000000	12.355999	1054	0.000000
281474976710655.000000	10.191915	1055	0.000000
281474976710655.000000	12.559535	1056	0.000000
281474976710655.000000	10.428122	1057	0.000000
281474976710655.000000	12.693437	1058	0.000000
281474976710655.000000	10.189803	1059	0.000000
281474976710655.000000	12.432459	1060	0.000000
281474976710655.000000	10.376521	1061	0.000000
281474976710655.000000	12.614453	1062	0.000000
281474976710655.000000	10.345199	1063	0.000000
281474976710655.000000	12.324949	1064	0.000000
281474976710655.000000	10.203317	1065	0.000000
281474976710655.000000	12.089843	1066	0.000000
281474976710655.000000	10.299884	1067	0.000000
281474976710655.000000	11.796288	1068	0.000000
281474976710655.000000	10.390244	1069	0.000000
281474976710655.000000	12.044752	1070	0.000000
281474976710655.000000	10.345888	1071	0.000000
281474976710655.000000	11.669933	1072	0.000000
281474976710655.000000	10.561531	1073	0.000000
281474976710655.000000	11.676502	1074	0.000000
281474976710655.000000	10.686901	1075	0.000000
281474976710655.000000	11.735316	1076	0.000000
281474976710655.000000	10.588030	1077	0.000000
281474976710655.000000	11.661263	1078	0.000000
281474976710655.000000	10.839076	1079	0.000000
281474976710655.000000	11.459685	1080	0.000000
281474976710655.000000	10.792106	1081	0.000000
281474976710655.000000	11.370387	1082	0.000000
281474976710655.000000	10.667150	1083	0.000000
281474976710655.000000	11.474718	1084	0.000000
281474976710655.000000	10.606707	1085	0.000000
281474976710655.000000	11.203831	1086	0.000000
281474976710655.000000	10.686706	1087	0.000000
281474976710655.000000	11.365184	1088	0.000000
281474976710655.000000	10.759905	1089	0.000000
281474976710655.000000	11.135069	1090	0.000000
281474976710655.000000	10.433652	1091	0.000000
281474976710655.000000	11.423142	1092	0.000000
281474976710655.000000	10.448658	1093	0.000000
281474976710655.000000	11.287752	1094	0.000000
281474976710655.000000	10.365717	1095	0.000000
281474976710655.000000	11.396460	1096	0.000000
281474976710655.000000	10.507997	1097	0.000000
281474976710655.000000	11.276666	1098	0.000000
281474976710655.000000	10.218341	1099	0.000000
281474976710655.000000	11.547780	1100	0.000000
281474976710655.000000	10.355640	1101	0.000000
281474976710655.000000	11.538208	1102	0.000000
281474976710655.000000	10.085024	1103	0.000000
281474976710655.000000	11.446199	1104	0.000000
281474976710655.000000	9.990596	1105	0.000000
281474976710655.000000	11.353881	1106	0.000000
281474976710655.000000	10.005816	1107	0.000000
281474976710655.000000	11.531545	1108	0.000000
281474976710655.000000	9.790032	1109	0.000000
281474976710655.000000	11.537754	1110	0.000000
281474976710655.000000	9.743383	1111	0.000000
281474976710655.000000	11.357404	1112	0.000000
281474976710655.000000	9.797925	1113	0.000000
281474976710655.000000	11.478661	1114	0.000000
281474976710655.000000	9.602188	1115	0.000000
281474976710655.000000	11.466571	1116	0.000000
281474976710655.000000	9.600848	1117	0.000000
281474976710655.000000	11.483706	1118	0.000000
281474976710655.000000	9.711581	1119	0.000000
281474976710655.000000	11.450281	1120	0.000000
281474976710655.000000	9.788269	1121	0.000000
281474976710655.000000	11.439343	1122	0.000000
281474976710655.000000	9.610077	1123	0.000000
281474976710655.000000	11.263611	1124	0.000000
281474976710655.000000	9.623323	1125	0.000000
281474976710655.000000	11.308112	1126	0.000000
281474976710655.000000	9.791635	1127	0.000000
281474976710655.000000	11.215253	1128	0.000000
281474976710655.000000	9.793139	1129	0.000000
281474976710655.000000	11.182583	1130	0.000000
281474976710655.000000	9.910484	1131	0.000000
281474976710655.000000	10.982122	1132	0.000000
281474976710655.000000	9.708359	1133	0.000000
281474976710655.000000	10.906598	1134	0.000000
281474976710655.000000	9.813243	1135	0.000000
281474976710655.000000	10.862629	1136	0.000000
281474976710655.000000	9.920264	1137	0.000000
281474976710655.000000	10.959908	1138	0.000000
281474976710655.000000	10.125366	1139	0.000000
281474976710655.000000	10.803992	1140	0.000000
281474976710655.000000	9.986724	1141	0.000000
281474976710655.000000	10.769269	1142	0.000000
281474976710655.000000	10.192045	1143	0.000000
281474976710655.000000	10.688345	1144	0.000000
281474976710655.000000	10.238401	1145	0.000000
281474976710655.000000	10.600024	1146	0.000000
281474976710655.000000	10.016189	1147	0.000000
281474976710655.000000	10.709504	1148	0.000000
281474976710655.000000	10.107198	1149	0.000000
281474976710655.000000	10.473858	1150	0.000000
281474976710655.000000	10.103249	1151	0.000000
281474976710655.000000	10.733829	1152	0.000000
281474976710655.000000	10.084508	1153	0.000000
281474976710655.000000	10.516574	1154	0.000000
281474976710655.000000	10.152173	1155	0.000000
281474976710655.000000	10.387071	1156	0.000000
281474976710655.000000	10.101337	1157	0.000000
281474976710655.000000	10.355421	1158	0.000000
281474976710655.000000	9.895144	1159	0.000000
281474976710655.000000	10.489345	1160	0.000000
281474976710655.000000	9.962726	1161	0.000000
281474976710655.000000	10.563726	1162	0.000000
281474976710655.000000	9.911348	1163	0.000000
281474976710655.000000	10.601540	1164	0.000000
281474976710655.000000	9.729953	1165	0.000000
281474976710655.000000	10.607177	1166	0.000000
281474976710655.000000	9.662334	1167	0.000000
281474976710655.000000	10.735711	1168	0.000000
281474976710655.000000	9.532117	1169	0.000000
281474976710655.000000	10.491581	1170	0.000000
281474976710655.000000	9.522908	1171	0.000000
281474976710655.000000	10.584978	1172	0.000000
281474976710655.000000	9.588280	1173	0.000000
281474976710655.000000	10.803789	1174	0.000000
281474976710655.000000	9.499802	1175	0.000000
281474976710655.000000	10.760509	1176	0.000000
281474976710655.000000	9.467077	1177	0.000000
281474976710655.000000	10.726219	1178	0.000000
281474976710655.000000	9.408045	1179	0.000000
281474976710655.000000	10.778428	1180	0.000000
281474976710655.000000	9.398672	1181	0.000000
281474976710655.000000	10.625580	1182	0.000000
281474976710655.000000	9.290583	1183	0.000000
281474976710655.000000	10.705921	1184	0.000000
281474976710655.000000	9.355086	1185	0.000000
281474976710655.000000	10.555390	1186	0.000000
281474976710655.000000	9.453114	1187	0.000000
281474976710655.000000	10.623179	1188	0.000000
281474976710655.000000	9.472585	1189	0.000000
281474976710655.000000	10.710474	1190	0.000000
281474976710655.000000	9.473597	1191	0.000000
281474976710655.000000	10.656113	1192	0.000000
281474976710655.000000	9.560634	1193	0.000000
281474976710655.000000	10.533529	1194	0.000000
281474976710655.000000	9.483484	1195	0.000000
281474976710655.000000	10.223503	1196	0.000000
281474976710655.000000	9.486206	1197	0.000000
281474976710655.000000	10.212407	1198	0.000000
281474976710655.000000	9.662955	1199	0.000000
281474976710655.000000	10.188892	1200	0.000000
281474976710655.000000	9.868007	1201	0.000000
281474976710655.000000	10.319102	1202	0.000000
281474976710655.000000	9.837289	1203	0.000000
281474976710655.000000	10.185525	1204	0.000000
281474976710655.000000	9.702517	1205	0.000000
281474976710655.000000	10.078271	1206	0.000000
281474976710655.000000	9.758347	1207	0.000000
281474976710655.000000	10.083034	1208	0.000000
281474976710655.000000	9.805287	1209	0.000000
281474976710655.000000	10.212094	1210	0.000000
281474976710655.000000	9.762392	1211	0.000000
281474976710655.000000	9.961767	1212	0.000000
281474976710655.000000	9.770381	1213	0.000000
281474976710655.000000	10.125413	1214	0.000000
281474976710655.000000	10.107727	1215	0.000000
281474976710655.000000	10.116337	1216	0.000000
281474976710655.000000	9.609621	1217	0.000000
281474976710655.000000	9.983756	1218	0.000000
281474976710655.000000	9.666720	1219	0.000000
281474976710655.000000	9.992944	1220	0.000000
281474976710655.000000	9.799008	1221	0.000000
281474976710655.000000	10.080840	1222	0.000000
281474976710655.000000	9.633653	1223	0.000000
281474976710655.000000	10.042580	1224	0.000000
281474976710655.000000	9.617793	1225	0.000000
281474976710655.000000	10.125903	1226	0.000000
281474976710655.000000	9.448700	1227	0.000000
281474976710655.000000	9.989995	1228	0.000000
281474976710655.000000	9.376759	1229	0.000000
281474976710655.000000	9.947811	1230	0.000000
281474976710655.000000	9.277346	1231	0.000000
281474976710655.000000	10.194363	1232	0.000000
281474976710655.000000	9.587770	1233	0.000000
281474976710655.000000	10.221202	1234	0.000000
281474976710655.000000	9.316065	1235	0.000000
281474976710655.000000	10.160145	1236	0.000000
281474976710655.000000	9.375754	1237	0.000000
281474976710655.000000	10.074427	1238	0.000000
281474976710655.000000	9.209925	1239	0.000000
281474976710655.000000	10.136476	1240	0.000000
281474976710655.000000	9.145582	1241	0.000000
281474976710655.000000	10.208830	1242	0.000000
281474976710655.000000	9.208964	1243	0.000000
281474976710655.000000	10.025637	1244	0.000000
281474976710655.000000	9.354045	1245	0.000000
281474976710655.000000	10.029894	1246	0.000000
281474976710655.000000	9.336717	1247	0.000000
281474976710655.000000	10.060492	1248	0.000000
281474976710655.000000	9.217593	1249	0.000000
281474976710655.000000	9.920443	1250	0.000000
281474976710655.000000	9.120766	1251	0.000000
281474976710655.000000	10.046535	1252	0.000000
281474976710655.000000	9.437525	1253	0.000000
281474976710655.000000	10.049354	1254	0.000000
281474976710655.000000	9.258844	1255	0.000000
281474976710655.000000	9.937053	1256	0.000000
281474976710655.000000	9.498953	1257	0.000000
281474976710655.000000	9.860706	1258	0.000000
281474976710655.000000	9.406468	1259	0.000000
281474976710655.000000	9.840579	1260	0.000000
281474976710655.000000	9.486517	1261	0.000000
281474976710655.000000	9.943874	1262	0.000000
281474976710655.000000	9.397202	1263	0.000000
281474976710655.000000	9.760474	1264	0.000000
281474976710655.000000	9.376341	1265	0.000000
281474976710655.000000	9.808653	1266	0.000000
281474976710655.000000	9.519633	1267	0.000000
281474976710655.000000	9.872015	1268	0.000000
281474976710655.000000	9.460612	1269	0.000000
281474976710655.000000	9.610022	1270	0.000000
281474976710655.000000	9.550349	1271	0.000000
281474976710655.000000	9.692704	1272	0.000000
281474976710655.000000	9.498113	1273	0.000000
281474976710655.000000	9.514368	1274	0.000000
281474976710655.000000	9.519132	1275	0.000000
281474976710655.000000	9.516068	1276	0.000000
281474976710655.000000	9.451294	1277	0.000000
281474976710655.000000	9.486711	1278	0.000000
281474976710655.000000	9.601768	1279	0.000000
281474976710655.000000	9.486818	1280	0.000000
281474976710655.000000	9.554917	1281	0.000000
281474976710655.000000	9.610510	1282	0.000000
281474976710655.000000	9.507054	1283	0.000000
281474976710655.000000	9.650540	1284	0.000000
281474976710655.000000	9.400814	1285	0.000000
281474976710655.000000	9.710014	1286	0.000000
281474976710655.000000	9.367245	1287	0.000000
281474976710655.000000	9.725097	1288	0.000000
281474976710655.000000	9.346835	1289	0.000000
281474976710655.000000	9.400068	1290	0.000000
281474976710655.000000	9.262731	1291	0.000000
281474976710655.000000	9.637713	1292	0.000000
281474976710655.000000	9.214061	1293	0.000000
281474976710655.000000	9.735819	1294	0.000000
281474976710655.000000	9.231620	1295	0.000000
281474976710655.000000	9.513462	1296	0.000000
281474976710655.000000	9.050532	1297	0.000000
281474976710655.000000	9.569634	1298	0.000000
281474976710655.000000	9.238998	1299	0.000000
281474976710655.000000	9.466428	1300	0.000000
281474976710655.000000	9.116545	1301	0.000000
281474976710655.000000	9.572147	1302	0.000000
281474976710655.000000	9.058245	1303	0.000000
281474976710655.000000	9.586534	1304	0.000000
281474976710655.000000	9.351501	1305	0.000000
281474976710655.000000	9.644069	1306	0.000000
281474976710655.000000	9.196747	1307	0.000000
281474976710655.000000	9.692912	1308	0.000000
281474976710655.000000	8.984773	1309	0.000000
281474976710655.000000	9.536157	1310	0.000000
281474976710655.000000	9.125010	1311	0.000000
281474976710655.000000	9.483447	1312	0.000000
281474976710655.000000	9.159493	1313	0.000000
281474976710655.000000	9.459713	1314	0.000000
281474976710655.000000	9.242660	1315	0.000000
281474976710655.000000	9.358147	1316	0.000000
281474976710655.000000	9.204793	1317	0.000000
281474976710655.000000	9.391066	1318	0.000000
281474976710655.000000	9.225698	1319	0.000000
281474976710655.000000	9.517115	1320	0.000000
281474976710655.000000	9.224463	1321	0.000000
281474976710655.000000	9.324927	1322	0.000000
281474976710655.000000	9.133735	1323	0.000000
281474976710655.000000	9.218677	1324	0.000000
281474976710655.000000	9.266171	1325	0.000000
281474976710655.000000	9.347020	1326	0.000000
281474976710655.000000	9.227778	1327	0.000000
281474976710655.000000	9.386185	1328	0.000000
281474976710655.000000	9.282347	1329	0.000000
281474976710655.000000	9.310300	1330	0.000000
281474976710655.000000	9.286936	1331	0.000000
281474976710655.000000	9.336483	1332	0.000000
281474976710655.000000	9.335698	1333	0.000000
281474976710655.000000	9.402562	1334	0.000000
281474976710655.000000	9.382689	1335	0.000000
281474976710655.000000	9.181924	1336	0.000000
281474976710655.000000	9.187584	1337	0.000000
281474976710655.000000	9.158668	1338	0.000000
281474976710655.000000	9.286875	1339	0.000000
281474976710655.000000	9.347699	1340	0.000000
281474976710655.000000	9.285525	1341	0.000000
281474976710655.000000	9.296415	1342	0.000000
281474976710655.000000	9.169238	1343	0.000000
281474976710655.000000	9.160131	1344	0.000000
281474976710655.000000	9.322159	1345	0.000000
281474976710655.000000	9.119472	1346	0.000000
281474976710655.000000	9.337337	1347	0.000000
281474976710655.000000	9.179278	1348	0.000000
281474976710655.000000	9.096791	1349	0.000000
281474976710655.000000	9.230667	1350	0.000000
281474976710655.000000	9.155944	1351	0.000000
281474976710655.000000	9.233824	1352	0.000000
281474976710655.000000	9.066517	1353	0.000000
281474976710655.000000	9.156525	1354	0.000000
281474976710655.000000	9.001780	1355	0.000000
281474976710655.000000	9.112659	1356	0.000000
281474976710655.000000	8.963813	1357	0.000000
281474976710655.000000	9.125984	1358	0.000000
281474976710655.000000	8.862032	1359	0.000000
281474976710655.000000	9.137551	1360	0.000000
281474976710655.000000	8.968566	1361	0.000000
281474976710655.000000	9.157866	1362	0.000000
281474976710655.000000	8.861403	1363	0.000000
281474976710655.000000	9.116355	1364	0.000000
281474976710655.000000	8.973413	1365	0.000000
281474976710655.000000	8.971518	1366	0.000000
281474976710655.000000	8.944999	1367	0.000000
281474976710655.000000	8.986287	1368	0.000000
281474976710655.000000	8.769048	1369	0.000000
281474976710655.000000	9.053917	1370	0.000000
281474976710655.000000	9.003357	1371	0.000000
281474976710655.000000	9.031574	1372	0.000000
281474976710655.000000	8.845343	1373	0.000000
281474976710655.000000	9.078359	1374	0.000000
281474976710655.000000	8.872236	1375	0.000000
281474976710655.000000	9.028877	1376	0.000000
281474976710655.000000	8.944017	1377	0.000000
281474976710655.000000	8.884939	1378	0.000000
281474976710655.000000	8.846066	1379	0.000000
281474976710655.000000	8.978874	1380	0.000000
281474976710655.000000	8.829245	1381	0.000000
281474976710655.000000	8.865107	1382	0.000000
281474976710655.000000	8.888168	1383	0.000000
281474976710655.000000	8.810394	1384	0.000000
281474976710655.000000	8.890068	1385	0.000000
281474976710655.000000	8.872973	1386	0.000000
281474976710655.000000	8.929210	1387	0.000000
281474976710655.000000	8.923987	1388	0.000000
281474976710655.000000	8.887847	1389	0.000000
281474976710655.000000	8.890306	1390	0.000000
281474976710655.000000	8.890093	1391	0.000000
281474976710655.000000	8.781155	1392	0.000000
281474976710655.000000	8.771439	1393	0.000000
281474976710655.000000	8.749675	1394	0.000000
281474976710655.000000	8.992768	1395	0.000000
281474976710655.000000	8.696495	1396	0.000000
281474976710655.000000	8.913987	1397	0.000000
281474976710655.000000	8.822007	1398	0.000000
281474976710655.000000	8.786554	1399	0.000000
281474976710655.000000	8.765319	1400	0.000000
281474976710655.000000	8.732061	1401	0.000000
281474976710655.000000	8.715925	1402	0.000000
281474976710655.000000	8.912222	1403	0.000000
281474976710655.000000	8.685329	1404	0.000000
281474976710655.000000	8.820072	1405	0.000000
281474976710655.000000	8.750731	1406	0.000000
281474976710655.000000	8.685343	1407	0.000000
281474976710655.000000	8.718834	1408	0.000000
281474976710655.000000	8.671955	1409	0.000000
281474976710655.000000	8.770888	1410	0.000000
281474976710655.000000	8.568857	1411	0.000000
281474976710655.000000	8.663593	1412	0.000000
281474976710655.000000	8.604401	1413	0.000000
281474976710655.000000	8.772787	1414	0.000000
281474976710655.000000	8.704963	1415	0.000000
281474976710655.000000	8.695412	1416	0.000000
281474976710655.000000	8.507070	1417	0.000000
281474976710655.000000	8.635584	1418	0.000000
281474976710655.000000	8.521632	1419	0.000000
281474976710655.000000	8.629265	1420	0.000000
281474976710655.000000	8.546234	1421	0.000000
281474976710655.000000	8.540282	1422	0.000000
281474976710655.000000	8.597278	1423	0.000000
281474976710655.000000	8.502488	1424	0.000000
281474976710655.000000	8.549623	1425	0.000000
281474976710655.000000	8.508608	1426	0.000000
281474976710655.000000	8.484628	1427	0.000000
281474976710655.000000	8.585243	1428	0.000000
281474976710655.000000	8.483238	1429	0.000000
281474976710655.000000	8.526033	1430	0.000000
281474976710655.000000	8.477562	1431	0.000000
281474976710655.000000	8.424673	1432	0.000000
281474976710655.000000	8.378211	1433	0.000000
281474976710655.000000	8.477420	1434	0.000000
281474976710655.000000	8.410533	1435	0.000000
281474976710655.000000	8.429034	1436	0.000000
281474976710655.000000	8.442357	1437	0.000000
281474976710655.000000	8.427646	1438	0.000000
281474976710655.000000	8.375634	1439	0.000000
281474976710655.000000	8.425281	1440	0.000000
281474976710655.000000	8.391738	1441	0.000000
281474976710655.000000	8.362403	1442	0.000000
281474976710655.000000	8.414327	1443	0.000000
281474976710655.000000	8.270740	1444	0.000000
281474976710655.000000	8.374166	1445	0.000000
281474976710655.000000	8.383347	1446	0.000000
281474976710655.000000	8.289568	1447	0.000000
281474976710655.000000	8.277799	1448	0.000000
281474976710655.000000	8.409799	1449	0.000000
281474976710655.000000	8.335744	1450	0.000000
281474976710655.000000	8.405940	1451	0.000000
281474976710655.000000	8.236598	1452	0.000000
281474976710655.000000	8.362349	1453	0.000000
281474976710655.000000	8.361403	1454	0.000000
281474976710655.000000	8.270443	1455	0.000000
281474976710655.000000	8.232346	1456	0.000000
281474976710655.000000	8.298003	1457	0.000000
