crossing time (s)	slope (V/s)	crossing number
281474976710655.000000	14.895375	1657	0.000000
281474976710655.000000	14.726250	1658	0.000000
281474976710655.000000	15.013325	1659	0.000000
281474976710655.000000	14.719199	1660	0.000000
281474976710655.000000	15.112246	1661	0.000000
281474976710655.000000	14.637057	1662	0.000000
281474976710655.000000	14.792878	1663	0.000000
281474976710655.000000	14.855162	1664	0.000000
281474976710655.000000	14.440166	1665	0.000000
281474976710655.000000	14.994996	1666	0.000000
281474976710655.000000	15.182751	1667	0.000000
281474976710655.000000	14.609282	1668	0.000000
281474976710655.000000	14.924855	1669	0.000000
281474976710655.000000	14.612591	1670	0.000000
281474976710655.000000	14.626959	1671	0.000000
281474976710655.000000	14.346149	1672	0.000000
281474976710655.000000	14.920582	1673	0.000000
281474976710655.000000	14.238998	1674	0.000000
281474976710655.000000	14.561411	1675	0.000000
281474976710655.000000	14.818856	1676	0.000000
281474976710655.000000	15.059690	1677	0.000000
281474976710655.000000	14.450378	1678	0.000000
281474976710655.000000	14.552809	1679	0.000000
281474976710655.000000	14.250525	1680	0.000000
281474976710655.000000	14.867289	1681	0.000000
281474976710655.000000	14.576272	1682	0.000000
281474976710655.000000	14.410415	1683	0.000000
281474976710655.000000	14.346330	1684	0.000000
281474976710655.000000	14.504825	1685	0.000000
281474976710655.000000	14.157484	1686	0.000000
281474976710655.000000	14.164557	1687	0.000000
281474976710655.000000	14.038201	1688	0.000000
281474976710655.000000	13.970146	1689	0.000000
281474976710655.000000	14.532436	1690	0.000000
281474976710655.000000	14.850394	1691	0.000000
281474976710655.000000	13.959405	1692	0.000000
281474976710655.000000	14.201862	1693	0.000000
281474976710655.000000	14.023458	1694	0.000000
281474976710655.000000	14.428325	1695	0.000000
281474976710655.000000	14.344273	1696	0.000000
281474976710655.000000	13.963853	1697	0.000000
281474976710655.000000	14.264553	1698	0.000000
281474976710655.000000	14.825161	1699	0.000000
281474976710655.000000	14.185314	1700	0.000000
281474976710655.000000	13.922332	1701	0.000000
281474976710655.000000	14.100638	1702	0.000000
281474976710655.000000	14.598687	1703	0.000000
281474976710655.000000	14.011462	1704	0.000000
281474976710655.000000	13.792768	1705	0.000000
281474976710655.000000	13.898621	1706	0.000000
281474976710655.000000	14.256730	1707	0.000000
281474976710655.000000	13.578647	1708	0.000000
281474976710655.000000	14.084402	1709	0.000000
281474976710655.000000	14.037996	1710	0.000000
281474976710655.000000	13.719852	1711	0.000000
281474976710655.000000	13.684034	1712	0.000000
281474976710655.000000	13.837268	1713	0.000000
281474976710655.000000	13.743091	1714	0.000000
281474976710655.000000	13.887271	1715	0.000000
281474976710655.000000	13.405931	1716	0.000000
281474976710655.000000	13.624035	1717	0.000000
281474976710655.000000	13.889172	1718	0.000000
281474976710655.000000	14.173463	1719	0.000000
281474976710655.000000	13.722914	1720	0.000000
281474976710655.000000	13.842616	1721	0.000000
281474976710655.000000	13.948962	1722	0.000000
281474976710655.000000	13.758241	1723	0.000000
281474976710655.000000	13.437326	1724	0.000000
281474976710655.000000	13.370207	1725	0.000000
281474976710655.000000	13.863070	1726	0.000000
281474976710655.000000	13.581513	1727	0.000000
281474976710655.000000	13.748979	1728	0.000000
281474976710655.000000	13.329563	1729	0.000000
281474976710655.000000	13.226246	1730	0.000000
281474976710655.000000	13.451591	1731	0.000000
281474976710655.000000	13.416642	1732	0.000000
281474976710655.000000	13.670384	1733	0.000000
281474976710655.000000	13.839936	1734	0.000000
281474976710655.000000	13.457532	1735	0.000000
281474976710655.000000	13.758947	1736	0.000000
281474976710655.000000	13.325966	1737	0.000000
281474976710655.000000	13.436239	1738	0.000000
281474976710655.000000	13.394765	1739	0.000000
281474976710655.000000	13.256732	1740	0.000000
281474976710655.000000	13.411228	1741	0.000000
281474976710655.000000	12.950107	1742	0.000000
281474976710655.000000	13.139401	1743	0.000000
281474976710655.000000	13.451855	1744	0.000000
281474976710655.000000	13.259944	1745	0.000000
281474976710655.000000	13.030911	1746	0.000000
281474976710655.000000	13.567869	1747	0.000000
281474976710655.000000	13.386168	1748	0.000000
281474976710655.000000	13.345841	1749	0.000000
281474976710655.000000	13.359258	1750	0.000000
281474976710655.000000	12.910996	1751	0.000000
281474976710655.000000	12.771397	1752	0.000000
281474976710655.000000	13.069191	1753	0.000000
281474976710655.000000	13.159231	1754	0.000000
281474976710655.000000	12.997116	1755	0.000000
281474976710655.000000	12.904709	1756	0.000000
281474976710655.000000	13.309963	1757	0.000000
281474976710655.000000	13.016577	1758	0.000000
281474976710655.000000	13.735547	1759	0.000000
281474976710655.000000	12.638235	1760	0.000000
281474976710655.000000	12.576144	1761	0.000000
281474976710655.000000	12.984260	1762	0.000000
281474976710655.000000	13.020336	1763	0.000000
281474976710655.000000	12.941789	1764	0.000000
281474976710655.000000	13.046840	1765	0.000000
281474976710655.000000	12.810835	1766	0.000000
281474976710655.000000	13.511776	1767	0.000000
281474976710655.000000	12.905560	1768	0.000000
281474976710655.000000	13.026527	1769	0.000000
281474976710655.000000	12.518216	1770	0.000000
281474976710655.000000	12.879480	1771	0.000000
281474976710655.000000	12.847559	1772	0.000000
281474976710655.000000	12.760611	1773	0.000000
281474976710655.000000	12.408173	1774	0.000000
281474976710655.000000	12.814693	1775	0.000000
281474976710655.000000	12.613853	1776	0.000000
281474976710655.000000	12.832373	1777	0.000000
281474976710655.000000	12.864552	1778	0.000000
281474976710655.000000	12.676215	1779	0.000000
281474976710655.000000	12.673347	1780	0.000000
281474976710655.000000	12.689492	1781	0.000000
281474976710655.000000	12.517026	1782	0.000000
281474976710655.000000	12.723696	1783	0.000000
281474976710655.000000	12.495576	1784	0.000000
281474976710655.000000	12.490512	1785	0.000000
281474976710655.000000	12.873841	1786	0.000000
281474976710655.000000	12.337523	1787	0.000000
281474976710655.000000	12.868607	1788	0.000000
281474976710655.000000	12.538319	1789	0.000000
281474976710655.000000	12.661846	1790	0.000000
281474976710655.000000	12.407416	1791	0.000000
281474976710655.000000	12.548269	1792	0.000000
281474976710655.000000	12.810528	1793	0.000000
281474976710655.000000	12.383994	1794	0.000000
281474976710655.000000	12.738783	1795	0.000000
281474976710655.000000	12.233665	1796	0.000000
281474976710655.000000	12.861362	1797	0.000000
281474976710655.000000	12.427000	1798	0.000000
281474976710655.000000	12.300669	1799	0.000000
281474976710655.000000	12.449375	1800	0.000000
281474976710655.000000	12.531041	1801	0.000000
281474976710655.000000	12.376614	1802	0.000000
281474976710655.000000	12.345894	1803	0.000000
281474976710655.000000	12.223122	1804	0.000000
281474976710655.000000	12.364937	1805	0.000000
281474976710655.000000	12.304342	1806	0.000000
281474976710655.000000	12.198335	1807	0.000000
281474976710655.000000	12.101465	1808	0.000000
281474976710655.000000	12.112350	1809	0.000000
281474976710655.000000	12.115017	1810	0.000000
281474976710655.000000	12.095154	1811	0.000000
281474976710655.000000	12.077223	1812	0.000000
281474976710655.000000	12.365866	1813	0.000000
281474976710655.000000	12.150260	1814	0.000000
281474976710655.000000	12.208436	1815	0.000000
281474976710655.000000	12.336531	1816	0.000000
281474976710655.000000	11.739803	1817	0.000000
281474976710655.000000	11.971521	1818	0.000000
281474976710655.000000	11.894267	1819	0.000000
281474976710655.000000	11.993633	1820	0.000000
281474976710655.000000	11.885947	1821	0.000000
281474976710655.000000	11.946548	1822	0.000000
281474976710655.000000	11.997764	1823	0.000000
281474976710655.000000	11.865833	1824	0.000000
281474976710655.000000	11.839607	1825	0.000000
281474976710655.000000	11.875174	1826	0.000000
281474976710655.000000	11.735196	1827	0.000000
281474976710655.000000	11.584373	1828	0.000000
281474976710655.000000	11.930829	1829	0.000000
281474976710655.000000	12.106400	1830	0.000000
281474976710655.000000	11.861695	1831	0.000000
281474976710655.000000	11.725274	1832	0.000000
281474976710655.000000	11.728045	1833	0.000000
281474976710655.000000	11.683200	1834	0.000000
281474976710655.000000	12.044572	1835	0.000000
281474976710655.000000	11.794422	1836	0.000000
281474976710655.000000	11.929667	1837	0.000000
281474976710655.000000	11.671137	1838	0.000000
281474976710655.000000	11.698345	1839	0.000000
281474976710655.000000	11.554244	1840	0.000000
281474976710655.000000	11.779984	1841	0.000000
281474976710655.000000	11.529457	1842	0.000000
281474976710655.000000	11.590976	1843	0.000000
281474976710655.000000	11.582791	1844	0.000000
281474976710655.000000	11.709494	1845	0.000000
281474976710655.000000	11.422817	1846	0.000000
281474976710655.000000	11.557350	1847	0.000000
281474976710655.000000	11.428528	1848	0.000000
281474976710655.000000	11.487763	1849	0.000000
281474976710655.000000	11.575094	1850	0.000000
281474976710655.000000	11.541175	1851	0.000000
281474976710655.000000	11.375876	1852	0.000000
281474976710655.000000	11.455215	1853	0.000000
281474976710655.000000	11.201715	1854	0.000000
281474976710655.000000	11.420368	1855	0.000000
281474976710655.000000	11.233735	1856	0.000000
281474976710655.000000	11.470454	1857	0.000000
281474976710655.000000	11.375844	1858	0.000000
281474976710655.000000	11.463802	1859	0.000000
281474976710655.000000	11.502167	1860	0.000000
281474976710655.000000	11.560287	1861	0.000000
281474976710655.000000	11.386769	1862	0.000000
281474976710655.000000	11.246079	1863	0.000000
281474976710655.000000	11.233418	1864	0.000000
281474976710655.000000	11.229932	1865	0.000000
281474976710655.000000	11.296783	1866	0.000000
281474976710655.000000	11.067184	1867	0.000000
281474976710655.000000	11.391361	1868	0.000000
281474976710655.000000	11.336888	1869	0.000000
281474976710655.000000	11.176603	1870	0.000000
281474976710655.000000	11.310476	1871	0.000000
281474976710655.000000	11.148281	1872	0.000000
281474976710655.000000	10.994681	1873	0.000000
281474976710655.000000	11.071424	1874	0.000000
281474976710655.000000	11.118133	1875	0.000000
281474976710655.000000	11.239400	1876	0.000000
281474976710655.000000	11.345431	1877	0.000000
281474976710655.000000	11.000165	1878	0.000000
281474976710655.000000	11.145314	1879	0.000000
281474976710655.000000	10.903171	1880	0.000000
281474976710655.000000	10.985568	1881	0.000000
281474976710655.000000	10.880144	1882	0.000000
281474976710655.000000	10.872508	1883	0.000000
281474976710655.000000	11.038018	1884	0.000000
281474976710655.000000	10.924375	1885	0.000000
281474976710655.000000	10.837345	1886	0.000000
281474976710655.000000	11.015533	1887	0.000000
281474976710655.000000	10.893756	1888	0.000000
281474976710655.000000	10.842680	1889	0.000000
281474976710655.000000	11.022749	1890	0.000000
281474976710655.000000	11.000960	1891	0.000000
281474976710655.000000	10.695617	1892	0.000000
281474976710655.000000	10.894346	1893	0.000000
281474976710655.000000	10.803386	1894	0.000000
281474976710655.000000	10.795657	1895	0.000000
281474976710655.000000	10.825475	1896	0.000000
281474976710655.000000	10.649612	1897	0.000000
281474976710655.000000	10.706384	1898	0.000000
281474976710655.000000	10.709614	1899	0.000000
281474976710655.000000	10.811487	1900	0.000000
281474976710655.000000	10.749700	1901	0.000000
281474976710655.000000	10.764192	1902	0.000000
281474976710655.000000	10.780300	1903	0.000000
281474976710655.000000	10.820326	1904	0.000000
281474976710655.000000	10.630588	1905	0.000000
281474976710655.000000	10.538916	1906	0.000000
281474976710655.000000	10.703987	1907	0.000000
281474976710655.000000	10.557270	1908	0.000000
281474976710655.000000	10.578241	1909	0.000000
281474976710655.000000	10.582195	1910	0.000000
281474976710655.000000	10.547267	1911	0.000000
281474976710655.000000	10.628833	1912	0.000000
281474976710655.000000	10.513686	1913	0.000000
281474976710655.000000	10.431931	1914	0.000000
281474976710655.000000	10.408269	1915	0.000000
281474976710655.000000	10.437634	1916	0.000000
281474976710655.000000	10.415132	1917	0.000000
281474976710655.000000	10.580913	1918	0.000000
281474976710655.000000	10.503643	1919	0.000000
281474976710655.000000	10.314146	1920	0.000000
281474976710655.000000	10.590463	1921	0.000000
281474976710655.000000	10.442781	1922	0.000000
281474976710655.000000	10.432074	1923	0.000000
281474976710655.000000	10.568624	1924	0.000000
281474976710655.000000	10.485970	1925	0.000000
281474976710655.000000	10.431570	1926	0.000000
281474976710655.000000	10.421546	1927	0.000000
281474976710655.000000	10.411089	1928	0.000000
281474976710655.000000	10.447778	1929	0.000000
281474976710655.000000	10.441565	1930	0.000000
281474976710655.000000	10.297586	1931	0.000000
281474976710655.000000	10.307224	1932	0.000000
281474976710655.000000	10.235046	1933	0.000000
281474976710655.000000	10.174995	1934	0.000000
281474976710655.000000	10.237899	1935	0.000000
281474976710655.000000	10.227199	1936	0.000000
281474976710655.000000	10.206085	1937	0.000000
281474976710655.000000	10.385377	1938	0.000000
281474976710655.000000	10.291325	1939	0.000000
281474976710655.000000	10.227483	1940	0.000000
281474976710655.000000	10.142451	1941	0.000000
281474976710655.000000	10.012001	1942	0.000000
281474976710655.000000	10.151885	1943	0.000000
281474976710655.000000	10.095762	1944	0.000000
281474976710655.000000	10.241329	1945	0.000000
281474976710655.000000	9.962303	1946	0.000000
281474976710655.000000	10.070302	1947	0.000000
281474976710655.000000	9.952951	1948	0.000000
281474976710655.000000	10.029369	1949	0.000000
281474976710655.000000	10.021886	1950	0.000000
281474976710655.000000	10.160120	1951	0.000000
281474976710655.000000	10.143225	1952	0.000000
281474976710655.000000	10.012193	1953	0.000000
281474976710655.000000	10.155169	1954	0.000000
281474976710655.000000	9.884221	1955	0.000000
281474976710655.000000	9.832580	1956	0.000000
281474976710655.000000	9.921007	1957	0.000000
281474976710655.000000	9.805635	1958	0.000000
281474976710655.000000	9.843881	1959	0.000000
281474976710655.000000	10.103901	1960	0.000000
281474976710655.000000	9.986916	1961	0.000000
281474976710655.000000	9.806661	1962	0.000000
281474976710655.000000	9.995946	1963	0.000000
281474976710655.000000	9.960116	1964	0.000000
281474976710655.000000	9.812843	1965	0.000000
281474976710655.000000	10.063294	1966	0.000000
281474976710655.000000	9.748996	1967	0.000000
281474976710655.000000	9.786619	1968	0.000000
281474976710655.000000	9.716658	1969	0.000000
281474976710655.000000	9.905347	1970	0.000000
281474976710655.000000	9.762650	1971	0.000000
281474976710655.000000	9.738538	1972	0.000000
281474976710655.000000	9.904299	1973	0.000000
281474976710655.000000	9.642251	1974	0.000000
281474976710655.000000	9.761559	1975	0.000000
281474976710655.000000	9.804345	1976	0.000000
281474976710655.000000	9.624061	1977	0.000000
281474976710655.000000	9.784271	1978	0.000000
281474976710655.000000	9.758839	1979	0.000000
281474976710655.000000	9.640398	1980	0.000000
281474976710655.000000	9.578105	1981	0.000000
281474976710655.000000	9.576189	1982	0.000000
281474976710655.000000	9.627154	1983	0.000000
281474976710655.000000	9.761788	1984	0.000000
281474976710655.000000	9.769794	1985	0.000000
281474976710655.000000	9.592848	1986	0.000000
281474976710655.000000	9.532656	1987	0.000000
281474976710655.000000	9.688850	1988	0.000000
281474976710655.000000	9.430451	1989	0.000000
281474976710655.000000	9.444913	1990	0.000000
281474976710655.000000	9.594594	1991	0.000000
281474976710655.000000	9.528286	1992	0.000000
281474976710655.000000	9.477249	1993	0.000000
281474976710655.000000	9.435843	1994	0.000000
281474976710655.000000	9.542260	1995	0.000000
281474976710655.000000	9.439586	1996	0.000000
281474976710655.000000	9.551122	1997	0.000000
281474976710655.000000	9.400516	1998	0.000000
281474976710655.000000	9.462626	1999	0.000000
281474976710655.000000	9.524313	2000	0.000000
281474976710655.000000	9.439058	2001	0.000000
