crossing time (s)	slope (V/s)	crossing number
281474976710655.000000	89.908508	2290	0.000000
281474976710655.000000	87.851006	2291	0.000000
281474976710655.000000	89.250427	2292	0.000000
281474976710655.000000	83.118500	2293	0.000000
281474976710655.000000	58.563507	2294	0.000000
281474976710655.000000	85.466789	2295	0.000000
281474976710655.000000	86.620384	2296	0.000000
281474976710655.000000	58.360622	2297	0.000000
281474976710655.000000	44.825939	2298	0.000000
281474976710655.000000	84.133156	2299	0.000000
281474976710655.000000	85.983551	2300	0.000000
281474976710655.000000	169.715408	2301	0.000000
281474976710655.000000	87.634254	2302	0.000000
281474976710655.000000	56.791267	2303	0.000000
281474976710655.000000	173.944168	2304	0.000000
281474976710655.000000	83.116402	2305	0.000000
281474976710655.000000	87.899216	2306	0.000000
281474976710655.000000	170.039856	2307	0.000000
281474976710655.000000	85.142532	2308	0.000000
281474976710655.000000	86.134499	2309	0.000000
281474976710655.000000	173.310806	2310	0.000000
281474976710655.000000	170.555573	2311	0.000000
281474976710655.000000	87.538605	2312	0.000000
281474976710655.000000	84.375061	2313	0.000000
281474976710655.000000	170.123642	2314	0.000000
281474976710655.000000	85.062004	2315	0.000000
281474976710655.000000	55.968266	2316	0.000000
281474976710655.000000	84.490395	2317	0.000000
281474976710655.000000	56.467865	2318	0.000000
281474976710655.000000	82.485031	2319	0.000000
281474976710655.000000	83.567497	2320	0.000000
281474976710655.000000	84.680008	2321	0.000000
281474976710655.000000	42.710472	2322	0.000000
281474976710655.000000	54.501160	2323	0.000000
281474976710655.000000	85.122017	2324	0.000000
281474976710655.000000	81.446526	2325	0.000000
281474976710655.000000	84.960419	2326	0.000000
281474976710655.000000	42.476250	2327	0.000000
281474976710655.000000	163.561462	2328	0.000000
281474976710655.000000	81.978035	2329	0.000000
281474976710655.000000	41.933018	2330	0.000000
281474976710655.000000	83.581467	2331	0.000000
281474976710655.000000	41.439671	2332	0.000000
281474976710655.000000	80.286728	2333	0.000000
281474976710655.000000	56.409763	2334	0.000000
281474976710655.000000	55.226143	2335	0.000000
281474976710655.000000	83.506409	2336	0.000000
281474976710655.000000	84.044853	2337	0.000000
281474976710655.000000	84.746651	2338	0.000000
281474976710655.000000	81.441345	2339	0.000000
281474976710655.000000	56.087715	2340	0.000000
281474976710655.000000	54.602139	2341	0.000000
281474976710655.000000	83.410362	2342	0.000000
281474976710655.000000	82.405487	2343	0.000000
281474976710655.000000	162.990555	2344	0.000000
281474976710655.000000	79.262512	2345	0.000000
281474976710655.000000	81.411369	2346	0.000000
281474976710655.000000	159.540390	2347	0.000000
281474976710655.000000	41.329353	2348	0.000000
281474976710655.000000	80.482155	2349	0.000000
281474976710655.000000	162.458557	2350	0.000000
281474976710655.000000	78.998390	2351	0.000000
281474976710655.000000	78.806221	2352	0.000000
281474976710655.000000	79.629379	2353	0.000000
281474976710655.000000	81.761612	2354	0.000000
281474976710655.000000	82.257469	2355	0.000000
281474976710655.000000	80.485603	2356	0.000000
281474976710655.000000	53.084187	2357	0.000000
281474976710655.000000	158.986572	2358	0.000000
281474976710655.000000	53.324955	2359	0.000000
281474976710655.000000	81.319946	2360	0.000000
281474976710655.000000	76.853828	2361	0.000000
281474976710655.000000	155.981934	2362	0.000000
281474976710655.000000	77.304993	2363	0.000000
281474976710655.000000	39.752766	2364	0.000000
281474976710655.000000	78.545387	2365	0.000000
281474976710655.000000	78.254166	2366	0.000000
281474976710655.000000	52.456436	2367	0.000000
281474976710655.000000	155.381653	2368	0.000000
281474976710655.000000	76.287415	2369	0.000000
281474976710655.000000	79.084946	2370	0.000000
281474976710655.000000	78.646065	2371	0.000000
281474976710655.000000	80.865646	2372	0.000000
281474976710655.000000	78.421104	2373	0.000000
281474976710655.000000	52.418579	2374	0.000000
281474976710655.000000	77.544624	2375	0.000000
281474976710655.000000	81.097794	2376	0.000000
281474976710655.000000	77.205193	2377	0.000000
281474976710655.000000	78.559425	2378	0.000000
281474976710655.000000	161.263290	2379	0.000000
281474976710655.000000	51.961338	2380	0.000000
281474976710655.000000	51.942772	2381	0.000000
281474976710655.000000	75.596703	2382	0.000000
281474976710655.000000	75.737465	2383	0.000000
281474976710655.000000	79.352180	2384	0.000000
281474976710655.000000	51.719887	2385	0.000000
281474976710655.000000	80.987091	2386	0.000000
281474976710655.000000	58.330196	2387	0.000000
281474976710655.000000	155.357422	2388	0.000000
281474976710655.000000	75.976830	2389	0.000000
281474976710655.000000	75.869705	2390	0.000000
281474976710655.000000	37.906708	2391	0.000000
281474976710655.000000	77.813042	2392	0.000000
281474976710655.000000	37.076466	2393	0.000000
281474976710655.000000	39.035339	2394	0.000000
281474976710655.000000	57.996296	2395	0.000000
281474976710655.000000	75.707458	2396	0.000000
281474976710655.000000	73.742851	2397	0.000000
281474976710655.000000	80.932495	2398	0.000000
281474976710655.000000	73.648483	2399	0.000000
281474976710655.000000	75.296310	2400	0.000000
281474976710655.000000	50.651871	2401	0.000000
281474976710655.000000	75.964958	2402	0.000000
281474976710655.000000	77.929192	2403	0.000000
281474976710655.000000	76.401207	2404	0.000000
281474976710655.000000	149.469818	2405	0.000000
281474976710655.000000	117.311646	2406	0.000000
281474976710655.000000	73.210709	2407	0.000000
281474976710655.000000	58.406658	2408	0.000000
281474976710655.000000	74.131241	2409	0.000000
281474976710655.000000	73.904755	2410	0.000000
281474976710655.000000	50.784908	2411	0.000000
281474976710655.000000	116.512100	2412	0.000000
281474976710655.000000	79.448105	2413	0.000000
281474976710655.000000	Inf	2414	0.000000
281474976710655.000000	74.624237	2415	0.000000
281474976710655.000000	76.668419	2416	0.000000
281474976710655.000000	75.444710	2417	0.000000
281474976710655.000000	116.367401	2418	0.000000
281474976710655.000000	73.304123	2419	0.000000
281474976710655.000000	74.182068	2420	0.000000
281474976710655.000000	73.085358	2421	0.000000
281474976710655.000000	37.414127	2422	0.000000
281474976710655.000000	71.213753	2423	0.000000
281474976710655.000000	48.503475	2424	0.000000
281474976710655.000000	73.770699	2425	0.000000
281474976710655.000000	48.572231	2426	0.000000
281474976710655.000000	72.755096	2427	0.000000
281474976710655.000000	72.863914	2428	0.000000
281474976710655.000000	74.751907	2429	0.000000
281474976710655.000000	72.384010	2430	0.000000
281474976710655.000000	71.961334	2431	0.000000
281474976710655.000000	55.978172	2432	0.000000
281474976710655.000000	73.628189	2433	0.000000
281474976710655.000000	48.815907	2434	0.000000
281474976710655.000000	71.464317	2435	0.000000
281474976710655.000000	72.273384	2436	0.000000
281474976710655.000000	71.653595	2437	0.000000
281474976710655.000000	70.872955	2438	0.000000
281474976710655.000000	71.647751	2439	0.000000
281474976710655.000000	48.419201	2440	0.000000
281474976710655.000000	70.621544	2441	0.000000
281474976710655.000000	55.243317	2442	0.000000
281474976710655.000000	37.461788	2443	0.000000
281474976710655.000000	69.744713	2444	0.000000
281474976710655.000000	69.583199	2445	0.000000
281474976710655.000000	54.242516	2446	0.000000
281474976710655.000000	71.413223	2447	0.000000
281474976710655.000000	70.009567	2448	0.000000
281474976710655.000000	140.620987	2449	0.000000
281474976710655.000000	75.400276	2450	0.000000
281474976710655.000000	70.662605	2451	0.000000
281474976710655.000000	70.299660	2452	0.000000
281474976710655.000000	71.596115	2453	0.000000
281474976710655.000000	70.981522	2454	0.000000
281474976710655.000000	54.012337	2455	0.000000
281474976710655.000000	47.833992	2456	0.000000
281474976710655.000000	110.494843	2457	0.000000
281474976710655.000000	138.438934	2458	0.000000
281474976710655.000000	72.513794	2459	0.000000
281474976710655.000000	105.528069	2460	0.000000
281474976710655.000000	69.521759	2461	0.000000
281474976710655.000000	72.971611	2462	0.000000
281474976710655.000000	67.782021	2463	0.000000
281474976710655.000000	71.764755	2464	0.000000
281474976710655.000000	52.987965	2465	0.000000
281474976710655.000000	68.421768	2466	0.000000
281474976710655.000000	69.079254	2467	0.000000
281474976710655.000000	70.020767	2468	0.000000
281474976710655.000000	52.361828	2469	0.000000
281474976710655.000000	67.518768	2470	0.000000
281474976710655.000000	53.207638	2471	0.000000
281474976710655.000000	46.336800	2472	0.000000
281474976710655.000000	68.932068	2473	0.000000
281474976710655.000000	68.482124	2474	0.000000
281474976710655.000000	141.309296	2475	0.000000
281474976710655.000000	67.744217	2476	0.000000
281474976710655.000000	74.122017	2477	0.000000
281474976710655.000000	68.699982	2478	0.000000
281474976710655.000000	73.962593	2479	0.000000
281474976710655.000000	69.152016	2480	0.000000
281474976710655.000000	72.725624	2481	0.000000
281474976710655.000000	Inf	2482	0.000000
281474976710655.000000	66.290581	2483	0.000000
281474976710655.000000	136.621216	2484	0.000000
281474976710655.000000	66.535568	2485	0.000000
281474976710655.000000	67.357414	2486	0.000000
281474976710655.000000	66.593948	2487	0.000000
281474976710655.000000	66.576897	2488	0.000000
281474976710655.000000	65.342789	2489	0.000000
281474976710655.000000	66.169441	2490	0.000000
281474976710655.000000	65.274467	2491	0.000000
281474976710655.000000	106.943916	2492	0.000000
281474976710655.000000	70.692505	2493	0.000000
281474976710655.000000	Inf	2494	0.000000
281474976710655.000000	66.389526	2495	0.000000
281474976710655.000000	67.153908	2496	0.000000
281474976710655.000000	64.428696	2497	0.000000
281474976710655.000000	136.578583	2498	0.000000
281474976710655.000000	64.720459	2499	0.000000
281474976710655.000000	66.199196	2500	0.000000
281474976710655.000000	65.374222	2501	0.000000
281474976710655.000000	43.259277	2502	0.000000
281474976710655.000000	65.560982	2503	0.000000
281474976710655.000000	62.883919	2504	0.000000
281474976710655.000000	64.636246	2505	0.000000
281474976710655.000000	65.437691	2506	0.000000
281474976710655.000000	66.842613	2507	0.000000
281474976710655.000000	64.043259	2508	0.000000
281474976710655.000000	66.654198	2509	0.000000
281474976710655.000000	64.429054	2510	0.000000
281474976710655.000000	65.874809	2511	0.000000
281474976710655.000000	64.364738	2512	0.000000
281474976710655.000000	99.441216	2513	0.000000
281474976710655.000000	43.143463	2514	0.000000
281474976710655.000000	102.538292	2515	0.000000
281474976710655.000000	63.022972	2516	0.000000
281474976710655.000000	69.094254	2517	0.000000
281474976710655.000000	61.833309	2518	0.000000
281474976710655.000000	43.057415	2519	0.000000
281474976710655.000000	126.289108	2520	0.000000
281474976710655.000000	42.713490	2521	0.000000
281474976710655.000000	48.933521	2522	0.000000
281474976710655.000000	70.088036	2523	0.000000
281474976710655.000000	63.102726	2524	0.000000
281474976710655.000000	127.753563	2525	0.000000
281474976710655.000000	48.053379	2526	0.000000
281474976710655.000000	65.530243	2527	0.000000
281474976710655.000000	68.093132	2528	0.000000
281474976710655.000000	64.209473	2529	0.000000
281474976710655.000000	98.409248	2530	0.000000
281474976710655.000000	63.157604	2531	0.000000
281474976710655.000000	97.437370	2532	0.000000
281474976710655.000000	62.433521	2533	0.000000
281474976710655.000000	40.782372	2534	0.000000
281474976710655.000000	63.097786	2535	0.000000
281474976710655.000000	41.130718	2536	0.000000
281474976710655.000000	62.426105	2537	0.000000
281474976710655.000000	40.901657	2538	0.000000
281474976710655.000000	61.674091	2539	0.000000
281474976710655.000000	46.578510	2540	0.000000
281474976710655.000000	61.432701	2541	0.000000
281474976710655.000000	96.950836	2542	0.000000
281474976710655.000000	60.984493	2543	0.000000
281474976710655.000000	122.377213	2544	0.000000
281474976710655.000000	62.602173	2545	0.000000
281474976710655.000000	47.216526	2546	0.000000
281474976710655.000000	67.382103	2547	0.000000
281474976710655.000000	62.569393	2548	0.000000
281474976710655.000000	61.119850	2549	0.000000
281474976710655.000000	46.500996	2550	0.000000
281474976710655.000000	61.247269	2551	0.000000
281474976710655.000000	61.176525	2552	0.000000
281474976710655.000000	63.081173	2553	0.000000
281474976710655.000000	46.508011	2554	0.000000
281474976710655.000000	95.552063	2555	0.000000
281474976710655.000000	46.359631	2556	0.000000
281474976710655.000000	40.113064	2557	0.000000
281474976710655.000000	59.224369	2558	0.000000
281474976710655.000000	60.327003	2559	0.000000
281474976710655.000000	95.025711	2560	0.000000
281474976710655.000000	82.651741	2561	0.000000
281474976710655.000000	59.042301	2562	0.000000
281474976710655.000000	45.999943	2563	0.000000
281474976710655.000000	58.128944	2564	0.000000
281474976710655.000000	60.004189	2565	0.000000
281474976710655.000000	58.991135	2566	0.000000
281474976710655.000000	65.833382	2567	0.000000
281474976710655.000000	58.465111	2568	0.000000
281474976710655.000000	30.840372	2569	0.000000
281474976710655.000000	78.503685	2570	0.000000
281474976710655.000000	95.021706	2571	0.000000
281474976710655.000000	77.278168	2572	0.000000
281474976710655.000000	64.099274	2573	0.000000
281474976710655.000000	47.627281	2574	0.000000
281474976710655.000000	60.127525	2575	0.000000
281474976710655.000000	58.764023	2576	0.000000
281474976710655.000000	95.024338	2577	0.000000
281474976710655.000000	54.405174	2578	0.000000
281474976710655.000000	78.181473	2579	0.000000
281474976710655.000000	60.776291	2580	0.000000
281474976710655.000000	59.194363	2581	0.000000
281474976710655.000000	45.794765	2582	0.000000
281474976710655.000000	31.169998	2583	0.000000
281474976710655.000000	55.342297	2584	0.000000
281474976710655.000000	60.481434	2585	0.000000
281474976710655.000000	55.788364	2586	0.000000
281474976710655.000000	116.453674	2587	0.000000
281474976710655.000000	46.616932	2588	0.000000
281474976710655.000000	45.365894	2589	0.000000
281474976710655.000000	54.476715	2590	0.000000
281474976710655.000000	39.327713	2591	0.000000
281474976710655.000000	42.284500	2592	0.000000
281474976710655.000000	57.758343	2593	0.000000
281474976710655.000000	55.219372	2594	0.000000
281474976710655.000000	58.409344	2595	0.000000
281474976710655.000000	52.378929	2596	0.000000
281474976710655.000000	63.164864	2597	0.000000
281474976710655.000000	52.504574	2598	0.000000
281474976710655.000000	58.108570	2599	0.000000
281474976710655.000000	49.444794	2600	0.000000
281474976710655.000000	56.954250	2601	0.000000
281474976710655.000000	59.883663	2602	0.000000
281474976710655.000000	43.836121	2603	0.000000
281474976710655.000000	41.934425	2604	0.000000
281474976710655.000000	76.755043	2605	0.000000
281474976710655.000000	54.764481	2606	0.000000
281474976710655.000000	62.951885	2607	0.000000
281474976710655.000000	57.470703	2608	0.000000
281474976710655.000000	56.023487	2609	0.000000
281474976710655.000000	71.624153	2610	0.000000
281474976710655.000000	55.552982	2611	0.000000
281474976710655.000000	55.690674	2612	0.000000
281474976710655.000000	57.969276	2613	0.000000
281474976710655.000000	55.054043	2614	0.000000
281474976710655.000000	74.654282	2615	0.000000
281474976710655.000000	60.743515	2616	0.000000
281474976710655.000000	112.217583	2617	0.000000
281474976710655.000000	84.567680	2618	0.000000
281474976710655.000000	54.966675	2619	0.000000
281474976710655.000000	52.443020	2620	0.000000
281474976710655.000000	53.329990	2621	0.000000
281474976710655.000000	54.124428	2622	0.000000
281474976710655.000000	60.730663	2623	0.000000
281474976710655.000000	59.900322	2624	0.000000
281474976710655.000000	54.210674	2625	0.000000
281474976710655.000000	52.131207	2626	0.000000
281474976710655.000000	75.267738	2627	0.000000
281474976710655.000000	41.121681	2628	0.000000
281474976710655.000000	60.067970	2629	0.000000
281474976710655.000000	69.977707	2630	0.000000
281474976710655.000000	53.213451	2631	0.000000
281474976710655.000000	43.414585	2632	0.000000
281474976710655.000000	86.762062	2633	0.000000
281474976710655.000000	51.259129	2634	0.000000
281474976710655.000000	55.818317	2635	0.000000
281474976710655.000000	49.548328	2636	0.000000
281474976710655.000000	54.645035	2637	0.000000
281474976710655.000000	51.077461	2638	0.000000
281474976710655.000000	59.887344	2639	0.000000
281474976710655.000000	69.157959	2640	0.000000
281474976710655.000000	54.367653	2641	0.000000
281474976710655.000000	50.947044	2642	0.000000
281474976710655.000000	86.592369	2643	0.000000
281474976710655.000000	49.286987	2644	0.000000
281474976710655.000000	53.778801	2645	0.000000
281474976710655.000000	48.883106	2646	0.000000
281474976710655.000000	53.892117	2647	0.000000
281474976710655.000000	40.750790	2648	0.000000
281474976710655.000000	41.250481	2649	0.000000
281474976710655.000000	40.565403	2650	0.000000
281474976710655.000000	42.161999	2651	0.000000
281474976710655.000000	38.310238	2652	0.000000
281474976710655.000000	40.927910	2653	0.000000
281474976710655.000000	49.297878	2654	0.000000
281474976710655.000000	35.905270	2655	0.000000
281474976710655.000000	63.644932	2656	0.000000
281474976710655.000000	41.326431	2657	0.000000
281474976710655.000000	47.692558	2658	0.000000
281474976710655.000000	50.295334	2659	0.000000
281474976710655.000000	67.343803	2660	0.000000
281474976710655.000000	40.974678	2661	0.000000
281474976710655.000000	55.457664	2662	0.000000
281474976710655.000000	43.909077	2663	0.000000
281474976710655.000000	37.413147	2664	0.000000
281474976710655.000000	53.209476	2665	0.000000
281474976710655.000000	48.785412	2666	0.000000
281474976710655.000000	57.581829	2667	0.000000
281474976710655.000000	47.743942	2668	0.000000
281474976710655.000000	43.103851	2669	0.000000
281474976710655.000000	40.797253	2670	0.000000
281474976710655.000000	70.557251	2671	0.000000
281474976710655.000000	75.328545	2672	0.000000
281474976710655.000000	51.126156	2673	0.000000
281474976710655.000000	46.552971	2674	0.000000
281474976710655.000000	51.206783	2675	0.000000
281474976710655.000000	48.657860	2676	0.000000
281474976710655.000000	51.353233	2677	0.000000
281474976710655.000000	48.766232	2678	0.000000
281474976710655.000000	47.653561	2679	0.000000
281474976710655.000000	47.907364	2680	0.000000
281474976710655.000000	41.878204	2681	0.000000
281474976710655.000000	41.069103	2682	0.000000
281474976710655.000000	41.499172	2683	0.000000
281474976710655.000000	48.022881	2684	0.000000
281474976710655.000000	49.770020	2685	0.000000
281474976710655.000000	36.940205	2686	0.000000
281474976710655.000000	49.688999	2687	0.000000
281474976710655.000000	35.211800	2688	0.000000
281474976710655.000000	50.819962	2689	0.000000
281474976710655.000000	40.284935	2690	0.000000
281474976710655.000000	68.683189	2691	0.000000
281474976710655.000000	39.192924	2692	0.000000
281474976710655.000000	67.388550	2693	0.000000
281474976710655.000000	40.822964	2694	0.000000
281474976710655.000000	56.530685	2695	0.000000
281474976710655.000000	42.128693	2696	0.000000
281474976710655.000000	51.033161	2697	0.000000
281474976710655.000000	44.514774	2698	0.000000
281474976710655.000000	48.976208	2699	0.000000
281474976710655.000000	45.966465	2700	0.000000
281474976710655.000000	40.820782	2701	0.000000
281474976710655.000000	41.316925	2702	0.000000
281474976710655.000000	50.958794	2703	0.000000
281474976710655.000000	36.110023	2704	0.000000
281474976710655.000000	41.456806	2705	0.000000
281474976710655.000000	44.604240	2706	0.000000
281474976710655.000000	41.268887	2707	0.000000
281474976710655.000000	37.536251	2708	0.000000
281474976710655.000000	49.120605	2709	0.000000
281474976710655.000000	43.631199	2710	0.000000
281474976710655.000000	67.793015	2711	0.000000
281474976710655.000000	48.693531	2712	0.000000
281474976710655.000000	37.041634	2713	0.000000
281474976710655.000000	48.040474	2714	0.000000
281474976710655.000000	40.957752	2715	0.000000
281474976710655.000000	32.241913	2716	0.000000
281474976710655.000000	40.300011	2717	0.000000
281474976710655.000000	40.651932	2718	0.000000
281474976710655.000000	50.365517	2719	0.000000
281474976710655.000000	36.469883	2720	0.000000
281474976710655.000000	48.484982	2721	0.000000
281474976710655.000000	43.391335	2722	0.000000
281474976710655.000000	48.526962	2723	0.000000
281474976710655.000000	43.910156	2724	0.000000
281474976710655.000000	46.051857	2725	0.000000
281474976710655.000000	60.017715	2726	0.000000
281474976710655.000000	45.389408	2727	0.000000
281474976710655.000000	43.657272	2728	0.000000
281474976710655.000000	38.675510	2729	0.000000
281474976710655.000000	36.058075	2730	0.000000
281474976710655.000000	36.723190	2731	0.000000
281474976710655.000000	45.789089	2732	0.000000
281474976710655.000000	47.792358	2733	0.000000
281474976710655.000000	56.506321	2734	0.000000
281474976710655.000000	48.264313	2735	0.000000
281474976710655.000000	48.263138	2736	0.000000
281474976710655.000000	45.868950	2737	0.000000
281474976710655.000000	43.367413	2738	0.000000
281474976710655.000000	35.243259	2739	0.000000
281474976710655.000000	53.430878	2740	0.000000
281474976710655.000000	58.991501	2741	0.000000
281474976710655.000000	43.842304	2742	0.000000
281474976710655.000000	43.889519	2743	0.000000
281474976710655.000000	35.194458	2744	0.000000
281474976710655.000000	45.524055	2745	0.000000
281474976710655.000000	47.139904	2746	0.000000
281474976710655.000000	38.105705	2747	0.000000
281474976710655.000000	31.461100	2748	0.000000
281474976710655.000000	45.910881	2749	0.000000
281474976710655.000000	36.550831	2750	0.000000
281474976710655.000000	43.350426	2751	0.000000
281474976710655.000000	42.079636	2752	0.000000
281474976710655.000000	47.087112	2753	0.000000
281474976710655.000000	37.883366	2754	0.000000
281474976710655.000000	45.855320	2755	0.000000
281474976710655.000000	31.332926	2756	0.000000
281474976710655.000000	62.620537	2757	0.000000
281474976710655.000000	39.508377	2758	0.000000
281474976710655.000000	59.570538	2759	0.000000
281474976710655.000000	35.040264	2760	0.000000
281474976710655.000000	47.804405	2761	0.000000
281474976710655.000000	32.947536	2762	0.000000
281474976710655.000000	37.343647	2763	0.000000
281474976710655.000000	38.400532	2764	0.000000
281474976710655.000000	50.915333	2765	0.000000
281474976710655.000000	38.470188	2766	0.000000
281474976710655.000000	44.870468	2767	0.000000
281474976710655.000000	48.759796	2768	0.000000
281474976710655.000000	43.930904	2769	0.000000
281474976710655.000000	33.207699	2770	0.000000
281474976710655.000000	43.143215	2771	0.000000
281474976710655.000000	43.719151	2772	0.000000
281474976710655.000000	45.780342	2773	0.000000
281474976710655.000000	42.296959	2774	0.000000
281474976710655.000000	43.839256	2775	0.000000
281474976710655.000000	29.299494	2776	0.000000
281474976710655.000000	46.094090	2777	0.000000
281474976710655.000000	36.424622	2778	0.000000
281474976710655.000000	45.714420	2779	0.000000
281474976710655.000000	45.163586	2780	0.000000
281474976710655.000000	54.634869	2781	0.000000
281474976710655.000000	43.748539	2782	0.000000
281474976710655.000000	47.346626	2783	0.000000
281474976710655.000000	42.653408	2784	0.000000
281474976710655.000000	40.905323	2785	0.000000
281474976710655.000000	40.914833	2786	0.000000
281474976710655.000000	35.497654	2787	0.000000
281474976710655.000000	40.967552	2788	0.000000
281474976710655.000000	42.893967	2789	0.000000
281474976710655.000000	49.147583	2790	0.000000
281474976710655.000000	42.462952	2791	0.000000
281474976710655.000000	39.009453	2792	0.000000
281474976710655.000000	44.356033	2793	0.000000
281474976710655.000000	45.892593	2794	0.000000
281474976710655.000000	38.862804	2795	0.000000
281474976710655.000000	40.885384	2796	0.000000
281474976710655.000000	41.119247	2797	0.000000
281474976710655.000000	33.136623	2798	0.000000
281474976710655.000000	36.960514	2799	0.000000
281474976710655.000000	34.028423	2800	0.000000
281474976710655.000000	36.177509	2801	0.000000
281474976710655.000000	43.336334	2802	0.000000
281474976710655.000000	41.881977	2803	0.000000
281474976710655.000000	33.337524	2804	0.000000
281474976710655.000000	38.699451	2805	0.000000
281474976710655.000000	32.023514	2806	0.000000
281474976710655.000000	42.062027	2807	0.000000
281474976710655.000000	34.757782	2808	0.000000
281474976710655.000000	41.719273	2809	0.000000
281474976710655.000000	40.726791	2810	0.000000
281474976710655.000000	41.768322	2811	0.000000
281474976710655.000000	36.621647	2812	0.000000
281474976710655.000000	34.647648	2813	0.000000
281474976710655.000000	45.540169	2814	0.000000
281474976710655.000000	39.167431	2815	0.000000
281474976710655.000000	38.053989	2816	0.000000
281474976710655.000000	40.664276	2817	0.000000
281474976710655.000000	39.565567	2818	0.000000
281474976710655.000000	41.400375	2819	0.000000
281474976710655.000000	33.483044	2820	0.000000
281474976710655.000000	35.964890	2821	0.000000
281474976710655.000000	35.722744	2822	0.000000
281474976710655.000000	41.458706	2823	0.000000
281474976710655.000000	39.641087	2824	0.000000
281474976710655.000000	35.639153	2825	0.000000
281474976710655.000000	38.993317	2826	0.000000
281474976710655.000000	49.432590	2827	0.000000
281474976710655.000000	38.872154	2828	0.000000
281474976710655.000000	35.341419	2829	0.000000
281474976710655.000000	38.791546	2830	0.000000
281474976710655.000000	48.028286	2831	0.000000
281474976710655.000000	37.474892	2832	0.000000
281474976710655.000000	35.982361	2833	0.000000
281474976710655.000000	38.903858	2834	0.000000
281474976710655.000000	42.906414	2835	0.000000
281474976710655.000000	34.583107	2836	0.000000
281474976710655.000000	33.268051	2837	0.000000
281474976710655.000000	31.099451	2838	0.000000
281474976710655.000000	44.043617	2839	0.000000
281474976710655.000000	29.758022	2840	0.000000
281474976710655.000000	40.543194	2841	0.000000
281474976710655.000000	36.547840	2842	0.000000
281474976710655.000000	39.255863	2843	0.000000
281474976710655.000000	36.994869	2844	0.000000
281474976710655.000000	34.904602	2845	0.000000
281474976710655.000000	39.213768	2846	0.000000
281474976710655.000000	38.941128	2847	0.000000
281474976710655.000000	41.854221	2848	0.000000
281474976710655.000000	38.941559	2849	0.000000
281474976710655.000000	37.308262	2850	0.000000
281474976710655.000000	33.552631	2851	0.000000
281474976710655.000000	32.984608	2852	0.000000
281474976710655.000000	34.401375	2853	0.000000
281474976710655.000000	37.576157	2854	0.000000
281474976710655.000000	38.766819	2855	0.000000
281474976710655.000000	39.358429	2856	0.000000
281474976710655.000000	43.193657	2857	0.000000
281474976710655.000000	40.423813	2858	0.000000
281474976710655.000000	31.761341	2859	0.000000
281474976710655.000000	34.661453	2860	0.000000
281474976710655.000000	48.274433	2861	0.000000
281474976710655.000000	30.101332	2862	0.000000
281474976710655.000000	36.229866	2863	0.000000
281474976710655.000000	36.125023	2864	0.000000
281474976710655.000000	38.639786	2865	0.000000
281474976710655.000000	32.598228	2866	0.000000
281474976710655.000000	48.090836	2867	0.000000
281474976710655.000000	32.808029	2868	0.000000
281474976710655.000000	44.377636	2869	0.000000
281474976710655.000000	38.109665	2870	0.000000
281474976710655.000000	40.080463	2871	0.000000
281474976710655.000000	31.887922	2872	0.000000
281474976710655.000000	36.659557	2873	0.000000
281474976710655.000000	29.600237	2874	0.000000
281474976710655.000000	35.875164	2875	0.000000
281474976710655.000000	30.601448	2876	0.000000
281474976710655.000000	34.053272	2877	0.000000
281474976710655.000000	32.827236	2878	0.000000
281474976710655.000000	34.266323	2879	0.000000
281474976710655.000000	32.165829	2880	0.000000
281474976710655.000000	37.059761	2881	0.000000
281474976710655.000000	36.464607	2882	0.000000
281474976710655.000000	47.754627	2883	0.000000
281474976710655.000000	33.399380	2884	0.000000
281474976710655.000000	45.108753	2885	0.000000
281474976710655.000000	29.979374	2886	0.000000
281474976710655.000000	42.837055	2887	0.000000
281474976710655.000000	31.664751	2888	0.000000
281474976710655.000000	32.983627	2889	0.000000
281474976710655.000000	29.525003	2890	0.000000
281474976710655.000000	41.688267	2891	0.000000
281474976710655.000000	38.249077	2892	0.000000
281474976710655.000000	34.765144	2893	0.000000
281474976710655.000000	30.829311	2894	0.000000
281474976710655.000000	31.748335	2895	0.000000
281474976710655.000000	37.728550	2896	0.000000
281474976710655.000000	43.889008	2897	0.000000
281474976710655.000000	37.828217	2898	0.000000
281474976710655.000000	34.841816	2899	0.000000
281474976710655.000000	33.334976	2900	0.000000
281474976710655.000000	38.636749	2901	0.000000
281474976710655.000000	31.710928	2902	0.000000
281474976710655.000000	40.758472	2903	0.000000
281474976710655.000000	34.810268	2904	0.000000
281474976710655.000000	35.735390	2905	0.000000
281474976710655.000000	31.071718	2906	0.000000
281474976710655.000000	32.090511	2907	0.000000
281474976710655.000000	31.260323	2908	0.000000
281474976710655.000000	35.738380	2909	0.000000
281474976710655.000000	32.822395	2910	0.000000
281474976710655.000000	39.976791	2911	0.000000
281474976710655.000000	41.294876	2912	0.000000
281474976710655.000000	37.208462	2913	0.000000
281474976710655.000000	31.392147	2914	0.000000
281474976710655.000000	31.782343	2915	0.000000
281474976710655.000000	33.085667	2916	0.000000
281474976710655.000000	31.564852	2917	0.000000
281474976710655.000000	29.886143	2918	0.000000
281474976710655.000000	37.324005	2919	0.000000
281474976710655.000000	33.533539	2920	0.000000
281474976710655.000000	35.882393	2921	0.000000
281474976710655.000000	32.033283	2922	0.000000
281474976710655.000000	36.407299	2923	0.000000
281474976710655.000000	28.027691	2924	0.000000
281474976710655.000000	31.166431	2925	0.000000
281474976710655.000000	35.290607	2926	0.000000
281474976710655.000000	31.725668	2927	0.000000
281474976710655.000000	28.692007	2928	0.000000
281474976710655.000000	30.983608	2929	0.000000
281474976710655.000000	30.747547	2930	0.000000
281474976710655.000000	29.836720	2931	0.000000
281474976710655.000000	30.867731	2932	0.000000
281474976710655.000000	34.696243	2933	0.000000
281474976710655.000000	28.910322	2934	0.000000
281474976710655.000000	33.382542	2935	0.000000
281474976710655.000000	34.848698	2936	0.000000
281474976710655.000000	30.253914	2937	0.000000
281474976710655.000000	28.172672	2938	0.000000
281474976710655.000000	34.706333	2939	0.000000
281474976710655.000000	29.142879	2940	0.000000
281474976710655.000000	34.753525	2941	0.000000
281474976710655.000000	28.368273	2942	0.000000
281474976710655.000000	30.326954	2943	0.000000
281474976710655.000000	27.996550	2944	0.000000
281474976710655.000000	30.431005	2945	0.000000
281474976710655.000000	27.169149	2946	0.000000
281474976710655.000000	35.574760	2947	0.000000
281474976710655.000000	34.033199	2948	0.000000
281474976710655.000000	37.042427	2949	0.000000
281474976710655.000000	32.219234	2950	0.000000
281474976710655.000000	36.892662	2951	0.000000
281474976710655.000000	30.806053	2952	0.000000
281474976710655.000000	31.195496	2953	0.000000
281474976710655.000000	30.680090	2954	0.000000
281474976710655.000000	35.102928	2955	0.000000
281474976710655.000000	28.127260	2956	0.000000
281474976710655.000000	36.269211	2957	0.000000
281474976710655.000000	32.238182	2958	0.000000
281474976710655.000000	37.962971	2959	0.000000
281474976710655.000000	31.490044	2960	0.000000
281474976710655.000000	34.120419	2961	0.000000
281474976710655.000000	29.742626	2962	0.000000
281474976710655.000000	33.411991	2963	0.000000
281474976710655.000000	30.505371	2964	0.000000
281474976710655.000000	37.956615	2965	0.000000
281474976710655.000000	31.429428	2966	0.000000
281474976710655.000000	33.607704	2967	0.000000
281474976710655.000000	32.507069	2968	0.000000
281474976710655.000000	34.439560	2969	0.000000
281474976710655.000000	29.806347	2970	0.000000
281474976710655.000000	32.927017	2971	0.000000
281474976710655.000000	28.652185	2972	0.000000
281474976710655.000000	30.486425	2973	0.000000
281474976710655.000000	27.683969	2974	0.000000
281474976710655.000000	31.110785	2975	0.000000
281474976710655.000000	33.346455	2976	0.000000
281474976710655.000000	39.576073	2977	0.000000
281474976710655.000000	28.023382	2978	0.000000
281474976710655.000000	30.792496	2979	0.000000
281474976710655.000000	29.290102	2980	0.000000
281474976710655.000000	31.145626	2981	0.000000
281474976710655.000000	32.991909	2982	0.000000
281474976710655.000000	33.310947	2983	0.000000
281474976710655.000000	27.107492	2984	0.000000
281474976710655.000000	32.608238	2985	0.000000
281474976710655.000000	27.778164	2986	0.000000
281474976710655.000000	29.744961	2987	0.000000
281474976710655.000000	27.878378	2988	0.000000
281474976710655.000000	32.064270	2989	0.000000
281474976710655.000000	29.169363	2990	0.000000
281474976710655.000000	28.841084	2991	0.000000
281474976710655.000000	31.129992	2992	0.000000
281474976710655.000000	33.365517	2993	0.000000
281474976710655.000000	29.814022	2994	0.000000
281474976710655.000000	30.145882	2995	0.000000
281474976710655.000000	27.192327	2996	0.000000
281474976710655.000000	31.441542	2997	0.000000
281474976710655.000000	27.842924	2998	0.000000
281474976710655.000000	27.757095	2999	0.000000
281474976710655.000000	28.352833	3000	0.000000
281474976710655.000000	29.605516	3001	0.000000
281474976710655.000000	31.099140	3002	0.000000
281474976710655.000000	32.691689	3003	0.000000
281474976710655.000000	31.939199	3004	0.000000
281474976710655.000000	28.222960	3005	0.000000
281474976710655.000000	30.139954	3006	0.000000
281474976710655.000000	33.865566	3007	0.000000
281474976710655.000000	32.324627	3008	0.000000
281474976710655.000000	33.520542	3009	0.000000
281474976710655.000000	30.169979	3010	0.000000
281474976710655.000000	32.592598	3011	0.000000
281474976710655.000000	29.991810	3012	0.000000
281474976710655.000000	32.817291	3013	0.000000
281474976710655.000000	26.754795	3014	0.000000
281474976710655.000000	28.987934	3015	0.000000
281474976710655.000000	27.057669	3016	0.000000
281474976710655.000000	26.003647	3017	0.000000
281474976710655.000000	26.889250	3018	0.000000
281474976710655.000000	32.107483	3019	0.000000
281474976710655.000000	26.794586	3020	0.000000
281474976710655.000000	31.675596	3021	0.000000
281474976710655.000000	29.535261	3022	0.000000
281474976710655.000000	29.942535	3023	0.000000
281474976710655.000000	29.298292	3024	0.000000
281474976710655.000000	28.418316	3025	0.000000
281474976710655.000000	28.990669	3026	0.000000
281474976710655.000000	31.178555	3027	0.000000
281474976710655.000000	29.253462	3028	0.000000
281474976710655.000000	33.005661	3029	0.000000
281474976710655.000000	31.565910	3030	0.000000
281474976710655.000000	34.918083	3031	0.000000
281474976710655.000000	29.939535	3032	0.000000
281474976710655.000000	31.964413	3033	0.000000
281474976710655.000000	31.363979	3034	0.000000
281474976710655.000000	30.352715	3035	0.000000
281474976710655.000000	30.240999	3036	0.000000
281474976710655.000000	29.256256	3037	0.000000
281474976710655.000000	28.083633	3038	0.000000
281474976710655.000000	30.815458	3039	0.000000
281474976710655.000000	26.930466	3040	0.000000
281474976710655.000000	29.022854	3041	0.000000
281474976710655.000000	31.198151	3042	0.000000
281474976710655.000000	31.690908	3043	0.000000
281474976710655.000000	29.580114	3044	0.000000
281474976710655.000000	27.731749	3045	0.000000
281474976710655.000000	32.567223	3046	0.000000
281474976710655.000000	29.927172	3047	0.000000
281474976710655.000000	26.977482	3048	0.000000
281474976710655.000000	34.777081	3049	0.000000
281474976710655.000000	32.885994	3050	0.000000
281474976710655.000000	28.959389	3051	0.000000
281474976710655.000000	29.790554	3052	0.000000
281474976710655.000000	31.822941	3053	0.000000
281474976710655.000000	28.620667	3054	0.000000
281474976710655.000000	33.997784	3055	0.000000
281474976710655.000000	29.944061	3056	0.000000
281474976710655.000000	29.510145	3057	0.000000
281474976710655.000000	29.147928	3058	0.000000
281474976710655.000000	32.814960	3059	0.000000
281474976710655.000000	25.660608	3060	0.000000
281474976710655.000000	31.088594	3061	0.000000
281474976710655.000000	25.722404	3062	0.000000
281474976710655.000000	30.790453	3063	0.000000
281474976710655.000000	26.017799	3064	0.000000
281474976710655.000000	31.864347	3065	0.000000
281474976710655.000000	25.770039	3066	0.000000
281474976710655.000000	29.073439	3067	0.000000
281474976710655.000000	26.405264	3068	0.000000
281474976710655.000000	33.804321	3069	0.000000
281474976710655.000000	28.396217	3070	0.000000
281474976710655.000000	31.029503	3071	0.000000
281474976710655.000000	28.138144	3072	0.000000
281474976710655.000000	28.399820	3073	0.000000
281474976710655.000000	29.070782	3074	0.000000
281474976710655.000000	29.237520	3075	0.000000
281474976710655.000000	31.441072	3076	0.000000
281474976710655.000000	28.212067	3077	0.000000
281474976710655.000000	25.269728	3078	0.000000
281474976710655.000000	30.073057	3079	0.000000
281474976710655.000000	29.887836	3080	0.000000
281474976710655.000000	27.633030	3081	0.000000
281474976710655.000000	32.203636	3082	0.000000
281474976710655.000000	28.575142	3083	0.000000
281474976710655.000000	27.734461	3084	0.000000
281474976710655.000000	31.055742	3085	0.000000
281474976710655.000000	30.087759	3086	0.000000
281474976710655.000000	30.817406	3087	0.000000
281474976710655.000000	25.957052	3088	0.000000
281474976710655.000000	29.137562	3089	0.000000
281474976710655.000000	28.706377	3090	0.000000
281474976710655.000000	27.385963	3091	0.000000
281474976710655.000000	33.984779	3092	0.000000
281474976710655.000000	32.831669	3093	0.000000
281474976710655.000000	29.465677	3094	0.000000
281474976710655.000000	28.363779	3095	0.000000
281474976710655.000000	26.481325	3096	0.000000
281474976710655.000000	29.382896	3097	0.000000
281474976710655.000000	28.445633	3098	0.000000
281474976710655.000000	30.012690	3099	0.000000
281474976710655.000000	31.887295	3100	0.000000
281474976710655.000000	30.304115	3101	0.000000
281474976710655.000000	23.125423	3102	0.000000
281474976710655.000000	29.023994	3103	0.000000
281474976710655.000000	27.378716	3104	0.000000
281474976710655.000000	26.454422	3105	0.000000
281474976710655.000000	26.104315	3106	0.000000
281474976710655.000000	29.272583	3107	0.000000
281474976710655.000000	28.349558	3108	0.000000
281474976710655.000000	25.835770	3109	0.000000
281474976710655.000000	27.818987	3110	0.000000
281474976710655.000000	28.854815	3111	0.000000
281474976710655.000000	29.304644	3112	0.000000
281474976710655.000000	27.089127	3113	0.000000
281474976710655.000000	27.759779	3114	0.000000
281474976710655.000000	31.751947	3115	0.000000
281474976710655.000000	24.118773	3116	0.000000
281474976710655.000000	29.356215	3117	0.000000
281474976710655.000000	27.368908	3118	0.000000
281474976710655.000000	27.563808	3119	0.000000
281474976710655.000000	26.865744	3120	0.000000
281474976710655.000000	30.835485	3121	0.000000
281474976710655.000000	25.248272	3122	0.000000
281474976710655.000000	29.422251	3123	0.000000
281474976710655.000000	27.062401	3124	0.000000
281474976710655.000000	28.362558	3125	0.000000
281474976710655.000000	28.187380	3126	0.000000
281474976710655.000000	27.868620	3127	0.000000
281474976710655.000000	26.894905	3128	0.000000
281474976710655.000000	26.491495	3129	0.000000
281474976710655.000000	27.491810	3130	0.000000
281474976710655.000000	27.290226	3131	0.000000
281474976710655.000000	25.056265	3132	0.000000
281474976710655.000000	31.456921	3133	0.000000
281474976710655.000000	26.570713	3134	0.000000
281474976710655.000000	28.527639	3135	0.000000
281474976710655.000000	27.390917	3136	0.000000
281474976710655.000000	30.344179	3137	0.000000
281474976710655.000000	27.757551	3138	0.000000
281474976710655.000000	26.262917	3139	0.000000
281474976710655.000000	30.358484	3140	0.000000
281474976710655.000000	25.935503	3141	0.000000
281474976710655.000000	27.140577	3142	0.000000
281474976710655.000000	29.970163	3143	0.000000
281474976710655.000000	27.967873	3144	0.000000
281474976710655.000000	24.170322	3145	0.000000
281474976710655.000000	25.636877	3146	0.000000
281474976710655.000000	27.694082	3147	0.000000
281474976710655.000000	25.915672	3148	0.000000
281474976710655.000000	25.847136	3149	0.000000
281474976710655.000000	30.595675	3150	0.000000
281474976710655.000000	26.633137	3151	0.000000
281474976710655.000000	31.922987	3152	0.000000
281474976710655.000000	25.985256	3153	0.000000
281474976710655.000000	28.593084	3154	0.000000
281474976710655.000000	27.489550	3155	0.000000
281474976710655.000000	26.796085	3156	0.000000
281474976710655.000000	28.096603	3157	0.000000
281474976710655.000000	26.816244	3158	0.000000
281474976710655.000000	27.080297	3159	0.000000
281474976710655.000000	25.009306	3160	0.000000
281474976710655.000000	30.781176	3161	0.000000
281474976710655.000000	27.063839	3162	0.000000
281474976710655.000000	25.187382	3163	0.000000
281474976710655.000000	25.415821	3164	0.000000
281474976710655.000000	28.697659	3165	0.000000
281474976710655.000000	28.023024	3166	0.000000
281474976710655.000000	25.835480	3167	0.000000
281474976710655.000000	27.928921	3168	0.000000
281474976710655.000000	27.241825	3169	0.000000
281474976710655.000000	26.459993	3170	0.000000
281474976710655.000000	28.073252	3171	0.000000
281474976710655.000000	29.796314	3172	0.000000
281474976710655.000000	26.005903	3173	0.000000
281474976710655.000000	28.754591	3174	0.000000
281474976710655.000000	25.136192	3175	0.000000
281474976710655.000000	30.003956	3176	0.000000
281474976710655.000000	30.830807	3177	0.000000
281474976710655.000000	27.005373	3178	0.000000
281474976710655.000000	26.430315	3179	0.000000
281474976710655.000000	24.439472	3180	0.000000
281474976710655.000000	27.797199	3181	0.000000
281474976710655.000000	26.649069	3182	0.000000
281474976710655.000000	27.122324	3183	0.000000
281474976710655.000000	24.574575	3184	0.000000
281474976710655.000000	28.807344	3185	0.000000
281474976710655.000000	24.769806	3186	0.000000
281474976710655.000000	26.096773	3187	0.000000
281474976710655.000000	25.323439	3188	0.000000
281474976710655.000000	27.635363	3189	0.000000
281474976710655.000000	26.408033	3190	0.000000
281474976710655.000000	27.236803	3191	0.000000
281474976710655.000000	27.327787	3192	0.000000
281474976710655.000000	26.459797	3193	0.000000
281474976710655.000000	24.255096	3194	0.000000
281474976710655.000000	28.767830	3195	0.000000
281474976710655.000000	25.454576	3196	0.000000
281474976710655.000000	26.511423	3197	0.000000
281474976710655.000000	26.719543	3198	0.000000
281474976710655.000000	28.829584	3199	0.000000
281474976710655.000000	27.606005	3200	0.000000
281474976710655.000000	23.596760	3201	0.000000
281474976710655.000000	28.121660	3202	0.000000
281474976710655.000000	26.795694	3203	0.000000
281474976710655.000000	26.696072	3204	0.000000
281474976710655.000000	23.771027	3205	0.000000
281474976710655.000000	25.042152	3206	0.000000
281474976710655.000000	28.554159	3207	0.000000
281474976710655.000000	26.235918	3208	0.000000
281474976710655.000000	23.505564	3209	0.000000
281474976710655.000000	25.934629	3210	0.000000
281474976710655.000000	27.358110	3211	0.000000
281474976710655.000000	26.914003	3212	0.000000
281474976710655.000000	27.540228	3213	0.000000
281474976710655.000000	27.062885	3214	0.000000
281474976710655.000000	24.542351	3215	0.000000
281474976710655.000000	25.527504	3216	0.000000
281474976710655.000000	25.805105	3217	0.000000
281474976710655.000000	28.283043	3218	0.000000
281474976710655.000000	26.794958	3219	0.000000
281474976710655.000000	24.073277	3220	0.000000
281474976710655.000000	24.019058	3221	0.000000
281474976710655.000000	27.021818	3222	0.000000
281474976710655.000000	24.938068	3223	0.000000
281474976710655.000000	23.584135	3224	0.000000
281474976710655.000000	26.945204	3225	0.000000
281474976710655.000000	27.511702	3226	0.000000
281474976710655.000000	27.188129	3227	0.000000
281474976710655.000000	26.934484	3228	0.000000
281474976710655.000000	25.667933	3229	0.000000
281474976710655.000000	24.118050	3230	0.000000
281474976710655.000000	27.424242	3231	0.000000
281474976710655.000000	26.069965	3232	0.000000
281474976710655.000000	26.890518	3233	0.000000
281474976710655.000000	27.075497	3234	0.000000
281474976710655.000000	25.309965	3235	0.000000
281474976710655.000000	25.495600	3236	0.000000
281474976710655.000000	27.672949	3237	0.000000
281474976710655.000000	24.260572	3238	0.000000
281474976710655.000000	26.267817	3239	0.000000
281474976710655.000000	23.600418	3240	0.000000
281474976710655.000000	26.047119	3241	0.000000
281474976710655.000000	26.462303	3242	0.000000
281474976710655.000000	26.221304	3243	0.000000
281474976710655.000000	23.175577	3244	0.000000
281474976710655.000000	24.081163	3245	0.000000
281474976710655.000000	26.090950	3246	0.000000
281474976710655.000000	23.902588	3247	0.000000
281474976710655.000000	23.424030	3248	0.000000
281474976710655.000000	26.433630	3249	0.000000
281474976710655.000000	26.888121	3250	0.000000
281474976710655.000000	26.709904	3251	0.000000
281474976710655.000000	25.712210	3252	0.000000
281474976710655.000000	24.358347	3253	0.000000
281474976710655.000000	25.297392	3254	0.000000
281474976710655.000000	26.972904	3255	0.000000
281474976710655.000000	23.712473	3256	0.000000
281474976710655.000000	28.605968	3257	0.000000
281474976710655.000000	25.643940	3258	0.000000
281474976710655.000000	26.615702	3259	0.000000
281474976710655.000000	23.933184	3260	0.000000
281474976710655.000000	26.210369	3261	0.000000
281474976710655.000000	27.052622	3262	0.000000
281474976710655.000000	25.255312	3263	0.000000
281474976710655.000000	25.505548	3264	0.000000
281474976710655.000000	24.898876	3265	0.000000
281474976710655.000000	26.054770	3266	0.000000
281474976710655.000000	25.643320	3267	0.000000
281474976710655.000000	25.155943	3268	0.000000
281474976710655.000000	26.077188	3269	0.000000
281474976710655.000000	24.468018	3270	0.000000
281474976710655.000000	25.078747	3271	0.000000
281474976710655.000000	25.848759	3272	0.000000
281474976710655.000000	25.989813	3273	0.000000
281474976710655.000000	27.188597	3274	0.000000
281474976710655.000000	23.289406	3275	0.000000
281474976710655.000000	25.144754	3276	0.000000
281474976710655.000000	24.820747	3277	0.000000
281474976710655.000000	24.597532	3278	0.000000
281474976710655.000000	22.636932	3279	0.000000
281474976710655.000000	25.605110	3280	0.000000
281474976710655.000000	23.496090	3281	0.000000
281474976710655.000000	26.518953	3282	0.000000
281474976710655.000000	22.314024	3283	0.000000
281474976710655.000000	26.163597	3284	0.000000
281474976710655.000000	24.980694	3285	0.000000
281474976710655.000000	24.505867	3286	0.000000
281474976710655.000000	27.866831	3287	0.000000
281474976710655.000000	25.475637	3288	0.000000
281474976710655.000000	22.902334	3289	0.000000
281474976710655.000000	23.594191	3290	0.000000
281474976710655.000000	22.366268	3291	0.000000
281474976710655.000000	24.957544	3292	0.000000
281474976710655.000000	24.559607	3293	0.000000
281474976710655.000000	24.489103	3294	0.000000
281474976710655.000000	26.312864	3295	0.000000
281474976710655.000000	23.972363	3296	0.000000
281474976710655.000000	23.897017	3297	0.000000
281474976710655.000000	23.283360	3298	0.000000
281474976710655.000000	25.244917	3299	0.000000
281474976710655.000000	24.557442	3300	0.000000
281474976710655.000000	25.282459	3301	0.000000
281474976710655.000000	23.589184	3302	0.000000
281474976710655.000000	25.767126	3303	0.000000
281474976710655.000000	24.432417	3304	0.000000
281474976710655.000000	22.771866	3305	0.000000
281474976710655.000000	23.940750	3306	0.000000
281474976710655.000000	24.574631	3307	0.000000
281474976710655.000000	24.079922	3308	0.000000
281474976710655.000000	23.697315	3309	0.000000
281474976710655.000000	24.430428	3310	0.000000
281474976710655.000000	24.089178	3311	0.000000
281474976710655.000000	24.865597	3312	0.000000
281474976710655.000000	22.428911	3313	0.000000
281474976710655.000000	23.015446	3314	0.000000
281474976710655.000000	24.724207	3315	0.000000
281474976710655.000000	25.413126	3316	0.000000
281474976710655.000000	23.021328	3317	0.000000
281474976710655.000000	23.529551	3318	0.000000
281474976710655.000000	24.020185	3319	0.000000
281474976710655.000000	24.586594	3320	0.000000
281474976710655.000000	24.017965	3321	0.000000
281474976710655.000000	23.803049	3322	0.000000
281474976710655.000000	24.497543	3323	0.000000
281474976710655.000000	23.428671	3324	0.000000
281474976710655.000000	23.466621	3325	0.000000
281474976710655.000000	24.987062	3326	0.000000
281474976710655.000000	24.483961	3327	0.000000
281474976710655.000000	24.649355	3328	0.000000
281474976710655.000000	22.388712	3329	0.000000
281474976710655.000000	22.968374	3330	0.000000
281474976710655.000000	22.951229	3331	0.000000
281474976710655.000000	24.241024	3332	0.000000
281474976710655.000000	23.597029	3333	0.000000
281474976710655.000000	24.065657	3334	0.000000
281474976710655.000000	24.181944	3335	0.000000
281474976710655.000000	23.597155	3336	0.000000
281474976710655.000000	23.479916	3337	0.000000
281474976710655.000000	23.618122	3338	0.000000
281474976710655.000000	23.663155	3339	0.000000
281474976710655.000000	23.690760	3340	0.000000
281474976710655.000000	22.724894	3341	0.000000
281474976710655.000000	25.250362	3342	0.000000
281474976710655.000000	25.203358	3343	0.000000
281474976710655.000000	23.312471	3344	0.000000
281474976710655.000000	20.929762	3345	0.000000
281474976710655.000000	23.442179	3346	0.000000
281474976710655.000000	22.903881	3347	0.000000
281474976710655.000000	23.322771	3348	0.000000
281474976710655.000000	22.787714	3349	0.000000
281474976710655.000000	21.697523	3350	0.000000
281474976710655.000000	22.376945	3351	0.000000
281474976710655.000000	21.337221	3352	0.000000
281474976710655.000000	23.987183	3353	0.000000
281474976710655.000000	22.559631	3354	0.000000
281474976710655.000000	22.316050	3355	0.000000
281474976710655.000000	22.009081	3356	0.000000
281474976710655.000000	21.570320	3357	0.000000
281474976710655.000000	24.534439	3358	0.000000
281474976710655.000000	23.631950	3359	0.000000
281474976710655.000000	23.351547	3360	0.000000
281474976710655.000000	25.906773	3361	0.000000
281474976710655.000000	23.108582	3362	0.000000
281474976710655.000000	22.720869	3363	0.000000
281474976710655.000000	20.968531	3364	0.000000
281474976710655.000000	23.426365	3365	0.000000
281474976710655.000000	21.694969	3366	0.000000
281474976710655.000000	22.192280	3367	0.000000
281474976710655.000000	23.315701	3368	0.000000
281474976710655.000000	23.815168	3369	0.000000
281474976710655.000000	24.803673	3370	0.000000
281474976710655.000000	22.667215	3371	0.000000
281474976710655.000000	23.991594	3372	0.000000
281474976710655.000000	24.113874	3373	0.000000
281474976710655.000000	23.536537	3374	0.000000
281474976710655.000000	22.710697	3375	0.000000
281474976710655.000000	23.776577	3376	0.000000
281474976710655.000000	23.996149	3377	0.000000
281474976710655.000000	23.826059	3378	0.000000
281474976710655.000000	23.699135	3379	0.000000
281474976710655.000000	21.117483	3380	0.000000
281474976710655.000000	24.179018	3381	0.000000
281474976710655.000000	22.210587	3382	0.000000
281474976710655.000000	22.229485	3383	0.000000
281474976710655.000000	23.064871	3384	0.000000
281474976710655.000000	22.822132	3385	0.000000
281474976710655.000000	22.368414	3386	0.000000
281474976710655.000000	23.469414	3387	0.000000
281474976710655.000000	21.919312	3388	0.000000
281474976710655.000000	22.400446	3389	0.000000
281474976710655.000000	20.407116	3390	0.000000
281474976710655.000000	22.848597	3391	0.000000
281474976710655.000000	22.506622	3392	0.000000
281474976710655.000000	23.480545	3393	0.000000
281474976710655.000000	21.699783	3394	0.000000
281474976710655.000000	22.035656	3395	0.000000
281474976710655.000000	22.766590	3396	0.000000
281474976710655.000000	22.971130	3397	0.000000
281474976710655.000000	22.389799	3398	0.000000
281474976710655.000000	22.299860	3399	0.000000
281474976710655.000000	22.547558	3400	0.000000
281474976710655.000000	21.875244	3401	0.000000
281474976710655.000000	21.834429	3402	0.000000
281474976710655.000000	21.721766	3403	0.000000
281474976710655.000000	22.333437	3404	0.000000
281474976710655.000000	20.880386	3405	0.000000
281474976710655.000000	22.599142	3406	0.000000
281474976710655.000000	21.789534	3407	0.000000
281474976710655.000000	20.336042	3408	0.000000
281474976710655.000000	20.975706	3409	0.000000
281474976710655.000000	21.420927	3410	0.000000
281474976710655.000000	22.152924	3411	0.000000
281474976710655.000000	22.693369	3412	0.000000
281474976710655.000000	22.304617	3413	0.000000
281474976710655.000000	21.841106	3414	0.000000
281474976710655.000000	21.016685	3415	0.000000
281474976710655.000000	22.622150	3416	0.000000
281474976710655.000000	21.600567	3417	0.000000
281474976710655.000000	21.618145	3418	0.000000
281474976710655.000000	21.862555	3419	0.000000
281474976710655.000000	22.040012	3420	0.000000
281474976710655.000000	22.130558	3421	0.000000
281474976710655.000000	21.511051	3422	0.000000
281474976710655.000000	22.149536	3423	0.000000
281474976710655.000000	20.050753	3424	0.000000
281474976710655.000000	22.037308	3425	0.000000
281474976710655.000000	22.174397	3426	0.000000
281474976710655.000000	20.023287	3427	0.000000
281474976710655.000000	22.514437	3428	0.000000
281474976710655.000000	21.224497	3429	0.000000
281474976710655.000000	22.045931	3430	0.000000
281474976710655.000000	22.040051	3431	0.000000
281474976710655.000000	21.371788	3432	0.000000
281474976710655.000000	21.391026	3433	0.000000
281474976710655.000000	21.361214	3434	0.000000
281474976710655.000000	20.714941	3435	0.000000
281474976710655.000000	22.046450	3436	0.000000
281474976710655.000000	22.181877	3437	0.000000
281474976710655.000000	21.047483	3438	0.000000
281474976710655.000000	21.922029	3439	0.000000
281474976710655.000000	21.598989	3440	0.000000
281474976710655.000000	20.519815	3441	0.000000
281474976710655.000000	20.679655	3442	0.000000
281474976710655.000000	20.256048	3443	0.000000
281474976710655.000000	21.999817	3444	0.000000
281474976710655.000000	22.048414	3445	0.000000
281474976710655.000000	21.089380	3446	0.000000
281474976710655.000000	21.540394	3447	0.000000
281474976710655.000000	20.722536	3448	0.000000
281474976710655.000000	21.306166	3449	0.000000
281474976710655.000000	20.576492	3450	0.000000
281474976710655.000000	21.820322	3451	0.000000
281474976710655.000000	21.786015	3452	0.000000
281474976710655.000000	19.500113	3453	0.000000
281474976710655.000000	20.278973	3454	0.000000
281474976710655.000000	20.038071	3455	0.000000
281474976710655.000000	20.225859	3456	0.000000
281474976710655.000000	20.617626	3457	0.000000
281474976710655.000000	21.163216	3458	0.000000
281474976710655.000000	21.236078	3459	0.000000
281474976710655.000000	21.179390	3460	0.000000
